FEAP PLANE STRAIN COMPRESSION : Multiple element test
 1281 1200    1    2    4    4    6   26    5    3    0    0
NOPR
COOR
    1    0 0.000E+00 0.000E+00 
    2    0 0.200E-08 0.000E+00 
    3    0 0.400E-08 0.000E+00 
    4    0 0.600E-08 0.000E+00 
    5    0 0.800E-08 0.000E+00 
    6    0 0.100E-07 0.000E+00 
    7    0 0.120E-07 0.000E+00 
    8    0 0.140E-07 0.000E+00 
    9    0 0.160E-07 0.000E+00 
   10    0 0.180E-07 0.000E+00 
   11    0 0.200E-07 0.000E+00 
   12    0 0.220E-07 0.000E+00 
   13    0 0.240E-07 0.000E+00 
   14    0 0.260E-07 0.000E+00 
   15    0 0.280E-07 0.000E+00 
   16    0 0.300E-07 0.000E+00 
   17    0 0.320E-07 0.000E+00 
   18    0 0.340E-07 0.000E+00 
   19    0 0.360E-07 0.000E+00 
   20    0 0.380E-07 0.000E+00 
   21    0 0.400E-07 0.000E+00 
   22    0 0.000E+00 0.200E-08 
   23    0 0.200E-08 0.200E-08 
   24    0 0.400E-08 0.200E-08 
   25    0 0.600E-08 0.200E-08 
   26    0 0.800E-08 0.200E-08 
   27    0 0.100E-07 0.200E-08 
   28    0 0.120E-07 0.200E-08 
   29    0 0.140E-07 0.200E-08 
   30    0 0.160E-07 0.200E-08 
   31    0 0.180E-07 0.200E-08 
   32    0 0.200E-07 0.200E-08 
   33    0 0.220E-07 0.200E-08 
   34    0 0.240E-07 0.200E-08 
   35    0 0.260E-07 0.200E-08 
   36    0 0.280E-07 0.200E-08 
   37    0 0.300E-07 0.200E-08 
   38    0 0.320E-07 0.200E-08 
   39    0 0.340E-07 0.200E-08 
   40    0 0.360E-07 0.200E-08 
   41    0 0.380E-07 0.200E-08 
   42    0 0.400E-07 0.200E-08 
   43    0 0.000E+00 0.400E-08 
   44    0 0.200E-08 0.400E-08 
   45    0 0.400E-08 0.400E-08 
   46    0 0.600E-08 0.400E-08 
   47    0 0.800E-08 0.400E-08 
   48    0 0.100E-07 0.400E-08 
   49    0 0.120E-07 0.400E-08 
   50    0 0.140E-07 0.400E-08 
   51    0 0.160E-07 0.400E-08 
   52    0 0.180E-07 0.400E-08 
   53    0 0.200E-07 0.400E-08 
   54    0 0.220E-07 0.400E-08 
   55    0 0.240E-07 0.400E-08 
   56    0 0.260E-07 0.400E-08 
   57    0 0.280E-07 0.400E-08 
   58    0 0.300E-07 0.400E-08 
   59    0 0.320E-07 0.400E-08 
   60    0 0.340E-07 0.400E-08 
   61    0 0.360E-07 0.400E-08 
   62    0 0.380E-07 0.400E-08 
   63    0 0.400E-07 0.400E-08 
   64    0 0.000E+00 0.600E-08 
   65    0 0.200E-08 0.600E-08 
   66    0 0.400E-08 0.600E-08 
   67    0 0.600E-08 0.600E-08 
   68    0 0.800E-08 0.600E-08 
   69    0 0.100E-07 0.600E-08 
   70    0 0.120E-07 0.600E-08 
   71    0 0.140E-07 0.600E-08 
   72    0 0.160E-07 0.600E-08 
   73    0 0.180E-07 0.600E-08 
   74    0 0.200E-07 0.600E-08 
   75    0 0.220E-07 0.600E-08 
   76    0 0.240E-07 0.600E-08 
   77    0 0.260E-07 0.600E-08 
   78    0 0.280E-07 0.600E-08 
   79    0 0.300E-07 0.600E-08 
   80    0 0.320E-07 0.600E-08 
   81    0 0.340E-07 0.600E-08 
   82    0 0.360E-07 0.600E-08 
   83    0 0.380E-07 0.600E-08 
   84    0 0.400E-07 0.600E-08 
   85    0 0.000E+00 0.800E-08 
   86    0 0.200E-08 0.800E-08 
   87    0 0.400E-08 0.800E-08 
   88    0 0.600E-08 0.800E-08 
   89    0 0.800E-08 0.800E-08 
   90    0 0.100E-07 0.800E-08 
   91    0 0.120E-07 0.800E-08 
   92    0 0.140E-07 0.800E-08 
   93    0 0.160E-07 0.800E-08 
   94    0 0.180E-07 0.800E-08 
   95    0 0.200E-07 0.800E-08 
   96    0 0.220E-07 0.800E-08 
   97    0 0.240E-07 0.800E-08 
   98    0 0.260E-07 0.800E-08 
   99    0 0.280E-07 0.800E-08 
  100    0 0.300E-07 0.800E-08 
  101    0 0.320E-07 0.800E-08 
  102    0 0.340E-07 0.800E-08 
  103    0 0.360E-07 0.800E-08 
  104    0 0.380E-07 0.800E-08 
  105    0 0.400E-07 0.800E-08 
  106    0 0.000E+00 0.100E-07 
  107    0 0.200E-08 0.100E-07 
  108    0 0.400E-08 0.100E-07 
  109    0 0.600E-08 0.100E-07 
  110    0 0.800E-08 0.100E-07 
  111    0 0.100E-07 0.100E-07 
  112    0 0.120E-07 0.100E-07 
  113    0 0.140E-07 0.100E-07 
  114    0 0.160E-07 0.100E-07 
  115    0 0.180E-07 0.100E-07 
  116    0 0.200E-07 0.100E-07 
  117    0 0.220E-07 0.100E-07 
  118    0 0.240E-07 0.100E-07 
  119    0 0.260E-07 0.100E-07 
  120    0 0.280E-07 0.100E-07 
  121    0 0.300E-07 0.100E-07 
  122    0 0.320E-07 0.100E-07 
  123    0 0.340E-07 0.100E-07 
  124    0 0.360E-07 0.100E-07 
  125    0 0.380E-07 0.100E-07 
  126    0 0.400E-07 0.100E-07 
  127    0 0.000E+00 0.120E-07 
  128    0 0.200E-08 0.120E-07 
  129    0 0.400E-08 0.120E-07 
  130    0 0.600E-08 0.120E-07 
  131    0 0.800E-08 0.120E-07 
  132    0 0.100E-07 0.120E-07 
  133    0 0.120E-07 0.120E-07 
  134    0 0.140E-07 0.120E-07 
  135    0 0.160E-07 0.120E-07 
  136    0 0.180E-07 0.120E-07 
  137    0 0.200E-07 0.120E-07 
  138    0 0.220E-07 0.120E-07 
  139    0 0.240E-07 0.120E-07 
  140    0 0.260E-07 0.120E-07 
  141    0 0.280E-07 0.120E-07 
  142    0 0.300E-07 0.120E-07 
  143    0 0.320E-07 0.120E-07 
  144    0 0.340E-07 0.120E-07 
  145    0 0.360E-07 0.120E-07 
  146    0 0.380E-07 0.120E-07 
  147    0 0.400E-07 0.120E-07 
  148    0 0.000E+00 0.140E-07 
  149    0 0.200E-08 0.140E-07 
  150    0 0.400E-08 0.140E-07 
  151    0 0.600E-08 0.140E-07 
  152    0 0.800E-08 0.140E-07 
  153    0 0.100E-07 0.140E-07 
  154    0 0.120E-07 0.140E-07 
  155    0 0.140E-07 0.140E-07 
  156    0 0.160E-07 0.140E-07 
  157    0 0.180E-07 0.140E-07 
  158    0 0.200E-07 0.140E-07 
  159    0 0.220E-07 0.140E-07 
  160    0 0.240E-07 0.140E-07 
  161    0 0.260E-07 0.140E-07 
  162    0 0.280E-07 0.140E-07 
  163    0 0.300E-07 0.140E-07 
  164    0 0.320E-07 0.140E-07 
  165    0 0.340E-07 0.140E-07 
  166    0 0.360E-07 0.140E-07 
  167    0 0.380E-07 0.140E-07 
  168    0 0.400E-07 0.140E-07 
  169    0 0.000E+00 0.160E-07 
  170    0 0.200E-08 0.160E-07 
  171    0 0.400E-08 0.160E-07 
  172    0 0.600E-08 0.160E-07 
  173    0 0.800E-08 0.160E-07 
  174    0 0.100E-07 0.160E-07 
  175    0 0.120E-07 0.160E-07 
  176    0 0.140E-07 0.160E-07 
  177    0 0.160E-07 0.160E-07 
  178    0 0.180E-07 0.160E-07 
  179    0 0.200E-07 0.160E-07 
  180    0 0.220E-07 0.160E-07 
  181    0 0.240E-07 0.160E-07 
  182    0 0.260E-07 0.160E-07 
  183    0 0.280E-07 0.160E-07 
  184    0 0.300E-07 0.160E-07 
  185    0 0.320E-07 0.160E-07 
  186    0 0.340E-07 0.160E-07 
  187    0 0.360E-07 0.160E-07 
  188    0 0.380E-07 0.160E-07 
  189    0 0.400E-07 0.160E-07 
  190    0 0.000E+00 0.180E-07 
  191    0 0.200E-08 0.180E-07 
  192    0 0.400E-08 0.180E-07 
  193    0 0.600E-08 0.180E-07 
  194    0 0.800E-08 0.180E-07 
  195    0 0.100E-07 0.180E-07 
  196    0 0.120E-07 0.180E-07 
  197    0 0.140E-07 0.180E-07 
  198    0 0.160E-07 0.180E-07 
  199    0 0.180E-07 0.180E-07 
  200    0 0.200E-07 0.180E-07 
  201    0 0.220E-07 0.180E-07 
  202    0 0.240E-07 0.180E-07 
  203    0 0.260E-07 0.180E-07 
  204    0 0.280E-07 0.180E-07 
  205    0 0.300E-07 0.180E-07 
  206    0 0.320E-07 0.180E-07 
  207    0 0.340E-07 0.180E-07 
  208    0 0.360E-07 0.180E-07 
  209    0 0.380E-07 0.180E-07 
  210    0 0.400E-07 0.180E-07 
  211    0 0.000E+00 0.200E-07 
  212    0 0.200E-08 0.200E-07 
  213    0 0.400E-08 0.200E-07 
  214    0 0.600E-08 0.200E-07 
  215    0 0.800E-08 0.200E-07 
  216    0 0.100E-07 0.200E-07 
  217    0 0.120E-07 0.200E-07 
  218    0 0.140E-07 0.200E-07 
  219    0 0.160E-07 0.200E-07 
  220    0 0.180E-07 0.200E-07 
  221    0 0.200E-07 0.200E-07 
  222    0 0.220E-07 0.200E-07 
  223    0 0.240E-07 0.200E-07 
  224    0 0.260E-07 0.200E-07 
  225    0 0.280E-07 0.200E-07 
  226    0 0.300E-07 0.200E-07 
  227    0 0.320E-07 0.200E-07 
  228    0 0.340E-07 0.200E-07 
  229    0 0.360E-07 0.200E-07 
  230    0 0.380E-07 0.200E-07 
  231    0 0.400E-07 0.200E-07 
  232    0 0.000E+00 0.220E-07 
  233    0 0.200E-08 0.220E-07 
  234    0 0.400E-08 0.220E-07 
  235    0 0.600E-08 0.220E-07 
  236    0 0.800E-08 0.220E-07 
  237    0 0.100E-07 0.220E-07 
  238    0 0.120E-07 0.220E-07 
  239    0 0.140E-07 0.220E-07 
  240    0 0.160E-07 0.220E-07 
  241    0 0.180E-07 0.220E-07 
  242    0 0.200E-07 0.220E-07 
  243    0 0.220E-07 0.220E-07 
  244    0 0.240E-07 0.220E-07 
  245    0 0.260E-07 0.220E-07 
  246    0 0.280E-07 0.220E-07 
  247    0 0.300E-07 0.220E-07 
  248    0 0.320E-07 0.220E-07 
  249    0 0.340E-07 0.220E-07 
  250    0 0.360E-07 0.220E-07 
  251    0 0.380E-07 0.220E-07 
  252    0 0.400E-07 0.220E-07 
  253    0 0.000E+00 0.240E-07 
  254    0 0.200E-08 0.240E-07 
  255    0 0.400E-08 0.240E-07 
  256    0 0.600E-08 0.240E-07 
  257    0 0.800E-08 0.240E-07 
  258    0 0.100E-07 0.240E-07 
  259    0 0.120E-07 0.240E-07 
  260    0 0.140E-07 0.240E-07 
  261    0 0.160E-07 0.240E-07 
  262    0 0.180E-07 0.240E-07 
  263    0 0.200E-07 0.240E-07 
  264    0 0.220E-07 0.240E-07 
  265    0 0.240E-07 0.240E-07 
  266    0 0.260E-07 0.240E-07 
  267    0 0.280E-07 0.240E-07 
  268    0 0.300E-07 0.240E-07 
  269    0 0.320E-07 0.240E-07 
  270    0 0.340E-07 0.240E-07 
  271    0 0.360E-07 0.240E-07 
  272    0 0.380E-07 0.240E-07 
  273    0 0.400E-07 0.240E-07 
  274    0 0.000E+00 0.260E-07 
  275    0 0.200E-08 0.260E-07 
  276    0 0.400E-08 0.260E-07 
  277    0 0.600E-08 0.260E-07 
  278    0 0.800E-08 0.260E-07 
  279    0 0.100E-07 0.260E-07 
  280    0 0.120E-07 0.260E-07 
  281    0 0.140E-07 0.260E-07 
  282    0 0.160E-07 0.260E-07 
  283    0 0.180E-07 0.260E-07 
  284    0 0.200E-07 0.260E-07 
  285    0 0.220E-07 0.260E-07 
  286    0 0.240E-07 0.260E-07 
  287    0 0.260E-07 0.260E-07 
  288    0 0.280E-07 0.260E-07 
  289    0 0.300E-07 0.260E-07 
  290    0 0.320E-07 0.260E-07 
  291    0 0.340E-07 0.260E-07 
  292    0 0.360E-07 0.260E-07 
  293    0 0.380E-07 0.260E-07 
  294    0 0.400E-07 0.260E-07 
  295    0 0.000E+00 0.280E-07 
  296    0 0.200E-08 0.280E-07 
  297    0 0.400E-08 0.280E-07 
  298    0 0.600E-08 0.280E-07 
  299    0 0.800E-08 0.280E-07 
  300    0 0.100E-07 0.280E-07 
  301    0 0.120E-07 0.280E-07 
  302    0 0.140E-07 0.280E-07 
  303    0 0.160E-07 0.280E-07 
  304    0 0.180E-07 0.280E-07 
  305    0 0.200E-07 0.280E-07 
  306    0 0.220E-07 0.280E-07 
  307    0 0.240E-07 0.280E-07 
  308    0 0.260E-07 0.280E-07 
  309    0 0.280E-07 0.280E-07 
  310    0 0.300E-07 0.280E-07 
  311    0 0.320E-07 0.280E-07 
  312    0 0.340E-07 0.280E-07 
  313    0 0.360E-07 0.280E-07 
  314    0 0.380E-07 0.280E-07 
  315    0 0.400E-07 0.280E-07 
  316    0 0.000E+00 0.300E-07 
  317    0 0.200E-08 0.300E-07 
  318    0 0.400E-08 0.300E-07 
  319    0 0.600E-08 0.300E-07 
  320    0 0.800E-08 0.300E-07 
  321    0 0.100E-07 0.300E-07 
  322    0 0.120E-07 0.300E-07 
  323    0 0.140E-07 0.300E-07 
  324    0 0.160E-07 0.300E-07 
  325    0 0.180E-07 0.300E-07 
  326    0 0.200E-07 0.300E-07 
  327    0 0.220E-07 0.300E-07 
  328    0 0.240E-07 0.300E-07 
  329    0 0.260E-07 0.300E-07 
  330    0 0.280E-07 0.300E-07 
  331    0 0.300E-07 0.300E-07 
  332    0 0.320E-07 0.300E-07 
  333    0 0.340E-07 0.300E-07 
  334    0 0.360E-07 0.300E-07 
  335    0 0.380E-07 0.300E-07 
  336    0 0.400E-07 0.300E-07 
  337    0 0.000E+00 0.320E-07 
  338    0 0.200E-08 0.320E-07 
  339    0 0.400E-08 0.320E-07 
  340    0 0.600E-08 0.320E-07 
  341    0 0.800E-08 0.320E-07 
  342    0 0.100E-07 0.320E-07 
  343    0 0.120E-07 0.320E-07 
  344    0 0.140E-07 0.320E-07 
  345    0 0.160E-07 0.320E-07 
  346    0 0.180E-07 0.320E-07 
  347    0 0.200E-07 0.320E-07 
  348    0 0.220E-07 0.320E-07 
  349    0 0.240E-07 0.320E-07 
  350    0 0.260E-07 0.320E-07 
  351    0 0.280E-07 0.320E-07 
  352    0 0.300E-07 0.320E-07 
  353    0 0.320E-07 0.320E-07 
  354    0 0.340E-07 0.320E-07 
  355    0 0.360E-07 0.320E-07 
  356    0 0.380E-07 0.320E-07 
  357    0 0.400E-07 0.320E-07 
  358    0 0.000E+00 0.340E-07 
  359    0 0.200E-08 0.340E-07 
  360    0 0.400E-08 0.340E-07 
  361    0 0.600E-08 0.340E-07 
  362    0 0.800E-08 0.340E-07 
  363    0 0.100E-07 0.340E-07 
  364    0 0.120E-07 0.340E-07 
  365    0 0.140E-07 0.340E-07 
  366    0 0.160E-07 0.340E-07 
  367    0 0.180E-07 0.340E-07 
  368    0 0.200E-07 0.340E-07 
  369    0 0.220E-07 0.340E-07 
  370    0 0.240E-07 0.340E-07 
  371    0 0.260E-07 0.340E-07 
  372    0 0.280E-07 0.340E-07 
  373    0 0.300E-07 0.340E-07 
  374    0 0.320E-07 0.340E-07 
  375    0 0.340E-07 0.340E-07 
  376    0 0.360E-07 0.340E-07 
  377    0 0.380E-07 0.340E-07 
  378    0 0.400E-07 0.340E-07 
  379    0 0.000E+00 0.360E-07 
  380    0 0.200E-08 0.360E-07 
  381    0 0.400E-08 0.360E-07 
  382    0 0.600E-08 0.360E-07 
  383    0 0.800E-08 0.360E-07 
  384    0 0.100E-07 0.360E-07 
  385    0 0.120E-07 0.360E-07 
  386    0 0.140E-07 0.360E-07 
  387    0 0.160E-07 0.360E-07 
  388    0 0.180E-07 0.360E-07 
  389    0 0.200E-07 0.360E-07 
  390    0 0.220E-07 0.360E-07 
  391    0 0.240E-07 0.360E-07 
  392    0 0.260E-07 0.360E-07 
  393    0 0.280E-07 0.360E-07 
  394    0 0.300E-07 0.360E-07 
  395    0 0.320E-07 0.360E-07 
  396    0 0.340E-07 0.360E-07 
  397    0 0.360E-07 0.360E-07 
  398    0 0.380E-07 0.360E-07 
  399    0 0.400E-07 0.360E-07 
  400    0 0.000E+00 0.380E-07 
  401    0 0.200E-08 0.380E-07 
  402    0 0.400E-08 0.380E-07 
  403    0 0.600E-08 0.380E-07 
  404    0 0.800E-08 0.380E-07 
  405    0 0.100E-07 0.380E-07 
  406    0 0.120E-07 0.380E-07 
  407    0 0.140E-07 0.380E-07 
  408    0 0.160E-07 0.380E-07 
  409    0 0.180E-07 0.380E-07 
  410    0 0.200E-07 0.380E-07 
  411    0 0.220E-07 0.380E-07 
  412    0 0.240E-07 0.380E-07 
  413    0 0.260E-07 0.380E-07 
  414    0 0.280E-07 0.380E-07 
  415    0 0.300E-07 0.380E-07 
  416    0 0.320E-07 0.380E-07 
  417    0 0.340E-07 0.380E-07 
  418    0 0.360E-07 0.380E-07 
  419    0 0.380E-07 0.380E-07 
  420    0 0.400E-07 0.380E-07 
  421    0 0.000E+00 0.400E-07 
  422    0 0.200E-08 0.400E-07 
  423    0 0.400E-08 0.400E-07 
  424    0 0.600E-08 0.400E-07 
  425    0 0.800E-08 0.400E-07 
  426    0 0.100E-07 0.400E-07 
  427    0 0.120E-07 0.400E-07 
  428    0 0.140E-07 0.400E-07 
  429    0 0.160E-07 0.400E-07 
  430    0 0.180E-07 0.400E-07 
  431    0 0.200E-07 0.400E-07 
  432    0 0.220E-07 0.400E-07 
  433    0 0.240E-07 0.400E-07 
  434    0 0.260E-07 0.400E-07 
  435    0 0.280E-07 0.400E-07 
  436    0 0.300E-07 0.400E-07 
  437    0 0.320E-07 0.400E-07 
  438    0 0.340E-07 0.400E-07 
  439    0 0.360E-07 0.400E-07 
  440    0 0.380E-07 0.400E-07 
  441    0 0.400E-07 0.400E-07 
  442    0 0.000E+00 0.420E-07 
  443    0 0.200E-08 0.420E-07 
  444    0 0.400E-08 0.420E-07 
  445    0 0.600E-08 0.420E-07 
  446    0 0.800E-08 0.420E-07 
  447    0 0.100E-07 0.420E-07 
  448    0 0.120E-07 0.420E-07 
  449    0 0.140E-07 0.420E-07 
  450    0 0.160E-07 0.420E-07 
  451    0 0.180E-07 0.420E-07 
  452    0 0.200E-07 0.420E-07 
  453    0 0.220E-07 0.420E-07 
  454    0 0.240E-07 0.420E-07 
  455    0 0.260E-07 0.420E-07 
  456    0 0.280E-07 0.420E-07 
  457    0 0.300E-07 0.420E-07 
  458    0 0.320E-07 0.420E-07 
  459    0 0.340E-07 0.420E-07 
  460    0 0.360E-07 0.420E-07 
  461    0 0.380E-07 0.420E-07 
  462    0 0.400E-07 0.420E-07 
  463    0 0.000E+00 0.440E-07 
  464    0 0.200E-08 0.440E-07 
  465    0 0.400E-08 0.440E-07 
  466    0 0.600E-08 0.440E-07 
  467    0 0.800E-08 0.440E-07 
  468    0 0.100E-07 0.440E-07 
  469    0 0.120E-07 0.440E-07 
  470    0 0.140E-07 0.440E-07 
  471    0 0.160E-07 0.440E-07 
  472    0 0.180E-07 0.440E-07 
  473    0 0.200E-07 0.440E-07 
  474    0 0.220E-07 0.440E-07 
  475    0 0.240E-07 0.440E-07 
  476    0 0.260E-07 0.440E-07 
  477    0 0.280E-07 0.440E-07 
  478    0 0.300E-07 0.440E-07 
  479    0 0.320E-07 0.440E-07 
  480    0 0.340E-07 0.440E-07 
  481    0 0.360E-07 0.440E-07 
  482    0 0.380E-07 0.440E-07 
  483    0 0.400E-07 0.440E-07 
  484    0 0.000E+00 0.460E-07 
  485    0 0.200E-08 0.460E-07 
  486    0 0.400E-08 0.460E-07 
  487    0 0.600E-08 0.460E-07 
  488    0 0.800E-08 0.460E-07 
  489    0 0.100E-07 0.460E-07 
  490    0 0.120E-07 0.460E-07 
  491    0 0.140E-07 0.460E-07 
  492    0 0.160E-07 0.460E-07 
  493    0 0.180E-07 0.460E-07 
  494    0 0.200E-07 0.460E-07 
  495    0 0.220E-07 0.460E-07 
  496    0 0.240E-07 0.460E-07 
  497    0 0.260E-07 0.460E-07 
  498    0 0.280E-07 0.460E-07 
  499    0 0.300E-07 0.460E-07 
  500    0 0.320E-07 0.460E-07 
  501    0 0.340E-07 0.460E-07 
  502    0 0.360E-07 0.460E-07 
  503    0 0.380E-07 0.460E-07 
  504    0 0.400E-07 0.460E-07 
  505    0 0.000E+00 0.480E-07 
  506    0 0.200E-08 0.480E-07 
  507    0 0.400E-08 0.480E-07 
  508    0 0.600E-08 0.480E-07 
  509    0 0.800E-08 0.480E-07 
  510    0 0.100E-07 0.480E-07 
  511    0 0.120E-07 0.480E-07 
  512    0 0.140E-07 0.480E-07 
  513    0 0.160E-07 0.480E-07 
  514    0 0.180E-07 0.480E-07 
  515    0 0.200E-07 0.480E-07 
  516    0 0.220E-07 0.480E-07 
  517    0 0.240E-07 0.480E-07 
  518    0 0.260E-07 0.480E-07 
  519    0 0.280E-07 0.480E-07 
  520    0 0.300E-07 0.480E-07 
  521    0 0.320E-07 0.480E-07 
  522    0 0.340E-07 0.480E-07 
  523    0 0.360E-07 0.480E-07 
  524    0 0.380E-07 0.480E-07 
  525    0 0.400E-07 0.480E-07 
  526    0 0.000E+00 0.500E-07 
  527    0 0.200E-08 0.500E-07 
  528    0 0.400E-08 0.500E-07 
  529    0 0.600E-08 0.500E-07 
  530    0 0.800E-08 0.500E-07 
  531    0 0.100E-07 0.500E-07 
  532    0 0.120E-07 0.500E-07 
  533    0 0.140E-07 0.500E-07 
  534    0 0.160E-07 0.500E-07 
  535    0 0.180E-07 0.500E-07 
  536    0 0.200E-07 0.500E-07 
  537    0 0.220E-07 0.500E-07 
  538    0 0.240E-07 0.500E-07 
  539    0 0.260E-07 0.500E-07 
  540    0 0.280E-07 0.500E-07 
  541    0 0.300E-07 0.500E-07 
  542    0 0.320E-07 0.500E-07 
  543    0 0.340E-07 0.500E-07 
  544    0 0.360E-07 0.500E-07 
  545    0 0.380E-07 0.500E-07 
  546    0 0.400E-07 0.500E-07 
  547    0 0.000E+00 0.520E-07 
  548    0 0.200E-08 0.520E-07 
  549    0 0.400E-08 0.520E-07 
  550    0 0.600E-08 0.520E-07 
  551    0 0.800E-08 0.520E-07 
  552    0 0.100E-07 0.520E-07 
  553    0 0.120E-07 0.520E-07 
  554    0 0.140E-07 0.520E-07 
  555    0 0.160E-07 0.520E-07 
  556    0 0.180E-07 0.520E-07 
  557    0 0.200E-07 0.520E-07 
  558    0 0.220E-07 0.520E-07 
  559    0 0.240E-07 0.520E-07 
  560    0 0.260E-07 0.520E-07 
  561    0 0.280E-07 0.520E-07 
  562    0 0.300E-07 0.520E-07 
  563    0 0.320E-07 0.520E-07 
  564    0 0.340E-07 0.520E-07 
  565    0 0.360E-07 0.520E-07 
  566    0 0.380E-07 0.520E-07 
  567    0 0.400E-07 0.520E-07 
  568    0 0.000E+00 0.540E-07 
  569    0 0.200E-08 0.540E-07 
  570    0 0.400E-08 0.540E-07 
  571    0 0.600E-08 0.540E-07 
  572    0 0.800E-08 0.540E-07 
  573    0 0.100E-07 0.540E-07 
  574    0 0.120E-07 0.540E-07 
  575    0 0.140E-07 0.540E-07 
  576    0 0.160E-07 0.540E-07 
  577    0 0.180E-07 0.540E-07 
  578    0 0.200E-07 0.540E-07 
  579    0 0.220E-07 0.540E-07 
  580    0 0.240E-07 0.540E-07 
  581    0 0.260E-07 0.540E-07 
  582    0 0.280E-07 0.540E-07 
  583    0 0.300E-07 0.540E-07 
  584    0 0.320E-07 0.540E-07 
  585    0 0.340E-07 0.540E-07 
  586    0 0.360E-07 0.540E-07 
  587    0 0.380E-07 0.540E-07 
  588    0 0.400E-07 0.540E-07 
  589    0 0.000E+00 0.560E-07 
  590    0 0.200E-08 0.560E-07 
  591    0 0.400E-08 0.560E-07 
  592    0 0.600E-08 0.560E-07 
  593    0 0.800E-08 0.560E-07 
  594    0 0.100E-07 0.560E-07 
  595    0 0.120E-07 0.560E-07 
  596    0 0.140E-07 0.560E-07 
  597    0 0.160E-07 0.560E-07 
  598    0 0.180E-07 0.560E-07 
  599    0 0.200E-07 0.560E-07 
  600    0 0.220E-07 0.560E-07 
  601    0 0.240E-07 0.560E-07 
  602    0 0.260E-07 0.560E-07 
  603    0 0.280E-07 0.560E-07 
  604    0 0.300E-07 0.560E-07 
  605    0 0.320E-07 0.560E-07 
  606    0 0.340E-07 0.560E-07 
  607    0 0.360E-07 0.560E-07 
  608    0 0.380E-07 0.560E-07 
  609    0 0.400E-07 0.560E-07 
  610    0 0.000E+00 0.580E-07 
  611    0 0.200E-08 0.580E-07 
  612    0 0.400E-08 0.580E-07 
  613    0 0.600E-08 0.580E-07 
  614    0 0.800E-08 0.580E-07 
  615    0 0.100E-07 0.580E-07 
  616    0 0.120E-07 0.580E-07 
  617    0 0.140E-07 0.580E-07 
  618    0 0.160E-07 0.580E-07 
  619    0 0.180E-07 0.580E-07 
  620    0 0.200E-07 0.580E-07 
  621    0 0.220E-07 0.580E-07 
  622    0 0.240E-07 0.580E-07 
  623    0 0.260E-07 0.580E-07 
  624    0 0.280E-07 0.580E-07 
  625    0 0.300E-07 0.580E-07 
  626    0 0.320E-07 0.580E-07 
  627    0 0.340E-07 0.580E-07 
  628    0 0.360E-07 0.580E-07 
  629    0 0.380E-07 0.580E-07 
  630    0 0.400E-07 0.580E-07 
  631    0 0.000E+00 0.600E-07 
  632    0 0.200E-08 0.600E-07 
  633    0 0.400E-08 0.600E-07 
  634    0 0.600E-08 0.600E-07 
  635    0 0.800E-08 0.600E-07 
  636    0 0.100E-07 0.600E-07 
  637    0 0.120E-07 0.600E-07 
  638    0 0.140E-07 0.600E-07 
  639    0 0.160E-07 0.600E-07 
  640    0 0.180E-07 0.600E-07 
  641    0 0.200E-07 0.600E-07 
  642    0 0.220E-07 0.600E-07 
  643    0 0.240E-07 0.600E-07 
  644    0 0.260E-07 0.600E-07 
  645    0 0.280E-07 0.600E-07 
  646    0 0.300E-07 0.600E-07 
  647    0 0.320E-07 0.600E-07 
  648    0 0.340E-07 0.600E-07 
  649    0 0.360E-07 0.600E-07 
  650    0 0.380E-07 0.600E-07 
  651    0 0.400E-07 0.600E-07 
  652    0 0.000E+00 0.620E-07 
  653    0 0.200E-08 0.620E-07 
  654    0 0.400E-08 0.620E-07 
  655    0 0.600E-08 0.620E-07 
  656    0 0.800E-08 0.620E-07 
  657    0 0.100E-07 0.620E-07 
  658    0 0.120E-07 0.620E-07 
  659    0 0.140E-07 0.620E-07 
  660    0 0.160E-07 0.620E-07 
  661    0 0.180E-07 0.620E-07 
  662    0 0.200E-07 0.620E-07 
  663    0 0.220E-07 0.620E-07 
  664    0 0.240E-07 0.620E-07 
  665    0 0.260E-07 0.620E-07 
  666    0 0.280E-07 0.620E-07 
  667    0 0.300E-07 0.620E-07 
  668    0 0.320E-07 0.620E-07 
  669    0 0.340E-07 0.620E-07 
  670    0 0.360E-07 0.620E-07 
  671    0 0.380E-07 0.620E-07 
  672    0 0.400E-07 0.620E-07 
  673    0 0.000E+00 0.640E-07 
  674    0 0.200E-08 0.640E-07 
  675    0 0.400E-08 0.640E-07 
  676    0 0.600E-08 0.640E-07 
  677    0 0.800E-08 0.640E-07 
  678    0 0.100E-07 0.640E-07 
  679    0 0.120E-07 0.640E-07 
  680    0 0.140E-07 0.640E-07 
  681    0 0.160E-07 0.640E-07 
  682    0 0.180E-07 0.640E-07 
  683    0 0.200E-07 0.640E-07 
  684    0 0.220E-07 0.640E-07 
  685    0 0.240E-07 0.640E-07 
  686    0 0.260E-07 0.640E-07 
  687    0 0.280E-07 0.640E-07 
  688    0 0.300E-07 0.640E-07 
  689    0 0.320E-07 0.640E-07 
  690    0 0.340E-07 0.640E-07 
  691    0 0.360E-07 0.640E-07 
  692    0 0.380E-07 0.640E-07 
  693    0 0.400E-07 0.640E-07 
  694    0 0.000E+00 0.660E-07 
  695    0 0.200E-08 0.660E-07 
  696    0 0.400E-08 0.660E-07 
  697    0 0.600E-08 0.660E-07 
  698    0 0.800E-08 0.660E-07 
  699    0 0.100E-07 0.660E-07 
  700    0 0.120E-07 0.660E-07 
  701    0 0.140E-07 0.660E-07 
  702    0 0.160E-07 0.660E-07 
  703    0 0.180E-07 0.660E-07 
  704    0 0.200E-07 0.660E-07 
  705    0 0.220E-07 0.660E-07 
  706    0 0.240E-07 0.660E-07 
  707    0 0.260E-07 0.660E-07 
  708    0 0.280E-07 0.660E-07 
  709    0 0.300E-07 0.660E-07 
  710    0 0.320E-07 0.660E-07 
  711    0 0.340E-07 0.660E-07 
  712    0 0.360E-07 0.660E-07 
  713    0 0.380E-07 0.660E-07 
  714    0 0.400E-07 0.660E-07 
  715    0 0.000E+00 0.680E-07 
  716    0 0.200E-08 0.680E-07 
  717    0 0.400E-08 0.680E-07 
  718    0 0.600E-08 0.680E-07 
  719    0 0.800E-08 0.680E-07 
  720    0 0.100E-07 0.680E-07 
  721    0 0.120E-07 0.680E-07 
  722    0 0.140E-07 0.680E-07 
  723    0 0.160E-07 0.680E-07 
  724    0 0.180E-07 0.680E-07 
  725    0 0.200E-07 0.680E-07 
  726    0 0.220E-07 0.680E-07 
  727    0 0.240E-07 0.680E-07 
  728    0 0.260E-07 0.680E-07 
  729    0 0.280E-07 0.680E-07 
  730    0 0.300E-07 0.680E-07 
  731    0 0.320E-07 0.680E-07 
  732    0 0.340E-07 0.680E-07 
  733    0 0.360E-07 0.680E-07 
  734    0 0.380E-07 0.680E-07 
  735    0 0.400E-07 0.680E-07 
  736    0 0.000E+00 0.700E-07 
  737    0 0.200E-08 0.700E-07 
  738    0 0.400E-08 0.700E-07 
  739    0 0.600E-08 0.700E-07 
  740    0 0.800E-08 0.700E-07 
  741    0 0.100E-07 0.700E-07 
  742    0 0.120E-07 0.700E-07 
  743    0 0.140E-07 0.700E-07 
  744    0 0.160E-07 0.700E-07 
  745    0 0.180E-07 0.700E-07 
  746    0 0.200E-07 0.700E-07 
  747    0 0.220E-07 0.700E-07 
  748    0 0.240E-07 0.700E-07 
  749    0 0.260E-07 0.700E-07 
  750    0 0.280E-07 0.700E-07 
  751    0 0.300E-07 0.700E-07 
  752    0 0.320E-07 0.700E-07 
  753    0 0.340E-07 0.700E-07 
  754    0 0.360E-07 0.700E-07 
  755    0 0.380E-07 0.700E-07 
  756    0 0.400E-07 0.700E-07 
  757    0 0.000E+00 0.720E-07 
  758    0 0.200E-08 0.720E-07 
  759    0 0.400E-08 0.720E-07 
  760    0 0.600E-08 0.720E-07 
  761    0 0.800E-08 0.720E-07 
  762    0 0.100E-07 0.720E-07 
  763    0 0.120E-07 0.720E-07 
  764    0 0.140E-07 0.720E-07 
  765    0 0.160E-07 0.720E-07 
  766    0 0.180E-07 0.720E-07 
  767    0 0.200E-07 0.720E-07 
  768    0 0.220E-07 0.720E-07 
  769    0 0.240E-07 0.720E-07 
  770    0 0.260E-07 0.720E-07 
  771    0 0.280E-07 0.720E-07 
  772    0 0.300E-07 0.720E-07 
  773    0 0.320E-07 0.720E-07 
  774    0 0.340E-07 0.720E-07 
  775    0 0.360E-07 0.720E-07 
  776    0 0.380E-07 0.720E-07 
  777    0 0.400E-07 0.720E-07 
  778    0 0.000E+00 0.740E-07 
  779    0 0.200E-08 0.740E-07 
  780    0 0.400E-08 0.740E-07 
  781    0 0.600E-08 0.740E-07 
  782    0 0.800E-08 0.740E-07 
  783    0 0.100E-07 0.740E-07 
  784    0 0.120E-07 0.740E-07 
  785    0 0.140E-07 0.740E-07 
  786    0 0.160E-07 0.740E-07 
  787    0 0.180E-07 0.740E-07 
  788    0 0.200E-07 0.740E-07 
  789    0 0.220E-07 0.740E-07 
  790    0 0.240E-07 0.740E-07 
  791    0 0.260E-07 0.740E-07 
  792    0 0.280E-07 0.740E-07 
  793    0 0.300E-07 0.740E-07 
  794    0 0.320E-07 0.740E-07 
  795    0 0.340E-07 0.740E-07 
  796    0 0.360E-07 0.740E-07 
  797    0 0.380E-07 0.740E-07 
  798    0 0.400E-07 0.740E-07 
  799    0 0.000E+00 0.760E-07 
  800    0 0.200E-08 0.760E-07 
  801    0 0.400E-08 0.760E-07 
  802    0 0.600E-08 0.760E-07 
  803    0 0.800E-08 0.760E-07 
  804    0 0.100E-07 0.760E-07 
  805    0 0.120E-07 0.760E-07 
  806    0 0.140E-07 0.760E-07 
  807    0 0.160E-07 0.760E-07 
  808    0 0.180E-07 0.760E-07 
  809    0 0.200E-07 0.760E-07 
  810    0 0.220E-07 0.760E-07 
  811    0 0.240E-07 0.760E-07 
  812    0 0.260E-07 0.760E-07 
  813    0 0.280E-07 0.760E-07 
  814    0 0.300E-07 0.760E-07 
  815    0 0.320E-07 0.760E-07 
  816    0 0.340E-07 0.760E-07 
  817    0 0.360E-07 0.760E-07 
  818    0 0.380E-07 0.760E-07 
  819    0 0.400E-07 0.760E-07 
  820    0 0.000E+00 0.780E-07 
  821    0 0.200E-08 0.780E-07 
  822    0 0.400E-08 0.780E-07 
  823    0 0.600E-08 0.780E-07 
  824    0 0.800E-08 0.780E-07 
  825    0 0.100E-07 0.780E-07 
  826    0 0.120E-07 0.780E-07 
  827    0 0.140E-07 0.780E-07 
  828    0 0.160E-07 0.780E-07 
  829    0 0.180E-07 0.780E-07 
  830    0 0.200E-07 0.780E-07 
  831    0 0.220E-07 0.780E-07 
  832    0 0.240E-07 0.780E-07 
  833    0 0.260E-07 0.780E-07 
  834    0 0.280E-07 0.780E-07 
  835    0 0.300E-07 0.780E-07 
  836    0 0.320E-07 0.780E-07 
  837    0 0.340E-07 0.780E-07 
  838    0 0.360E-07 0.780E-07 
  839    0 0.380E-07 0.780E-07 
  840    0 0.400E-07 0.780E-07 
  841    0 0.000E+00 0.800E-07 
  842    0 0.200E-08 0.800E-07 
  843    0 0.400E-08 0.800E-07 
  844    0 0.600E-08 0.800E-07 
  845    0 0.800E-08 0.800E-07 
  846    0 0.100E-07 0.800E-07 
  847    0 0.120E-07 0.800E-07 
  848    0 0.140E-07 0.800E-07 
  849    0 0.160E-07 0.800E-07 
  850    0 0.180E-07 0.800E-07 
  851    0 0.200E-07 0.800E-07 
  852    0 0.220E-07 0.800E-07 
  853    0 0.240E-07 0.800E-07 
  854    0 0.260E-07 0.800E-07 
  855    0 0.280E-07 0.800E-07 
  856    0 0.300E-07 0.800E-07 
  857    0 0.320E-07 0.800E-07 
  858    0 0.340E-07 0.800E-07 
  859    0 0.360E-07 0.800E-07 
  860    0 0.380E-07 0.800E-07 
  861    0 0.400E-07 0.800E-07 
  862    0 0.000E+00 0.820E-07
  863    0 0.200E-08 0.820E-07
  864    0 0.400E-08 0.820E-07
  865    0 0.600E-08 0.820E-07
  866    0 0.800E-08 0.820E-07
  867    0 0.100E-07 0.820E-07
  868    0 0.120E-07 0.820E-07
  869    0 0.140E-07 0.820E-07
  870    0 0.160E-07 0.820E-07
  871    0 0.180E-07 0.820E-07
  872    0 0.200E-07 0.820E-07
  873    0 0.220E-07 0.820E-07
  874    0 0.240E-07 0.820E-07
  875    0 0.260E-07 0.820E-07
  876    0 0.280E-07 0.820E-07
  877    0 0.300E-07 0.820E-07
  878    0 0.320E-07 0.820E-07
  879    0 0.340E-07 0.820E-07
  880    0 0.360E-07 0.820E-07
  881    0 0.380E-07 0.820E-07
  882    0 0.400E-07 0.820E-07
  883    0 0.000E+00 0.840E-07
  884    0 0.200E-08 0.840E-07
  885    0 0.400E-08 0.840E-07
  886    0 0.600E-08 0.840E-07
  887    0 0.800E-08 0.840E-07
  888    0 0.100E-07 0.840E-07
  889    0 0.120E-07 0.840E-07
  890    0 0.140E-07 0.840E-07
  891    0 0.160E-07 0.840E-07
  892    0 0.180E-07 0.840E-07
  893    0 0.200E-07 0.840E-07
  894    0 0.220E-07 0.840E-07
  895    0 0.240E-07 0.840E-07
  896    0 0.260E-07 0.840E-07
  897    0 0.280E-07 0.840E-07
  898    0 0.300E-07 0.840E-07
  899    0 0.320E-07 0.840E-07
  900    0 0.340E-07 0.840E-07
  901    0 0.360E-07 0.840E-07
  902    0 0.380E-07 0.840E-07
  903    0 0.400E-07 0.840E-07
  904    0 0.000E+00 0.860E-07
  905    0 0.200E-08 0.860E-07
  906    0 0.400E-08 0.860E-07
  907    0 0.600E-08 0.860E-07
  908    0 0.800E-08 0.860E-07
  909    0 0.100E-07 0.860E-07
  910    0 0.120E-07 0.860E-07
  911    0 0.140E-07 0.860E-07
  912    0 0.160E-07 0.860E-07
  913    0 0.180E-07 0.860E-07
  914    0 0.200E-07 0.860E-07
  915    0 0.220E-07 0.860E-07
  916    0 0.240E-07 0.860E-07
  917    0 0.260E-07 0.860E-07
  918    0 0.280E-07 0.860E-07
  919    0 0.300E-07 0.860E-07
  920    0 0.320E-07 0.860E-07
  921    0 0.340E-07 0.860E-07
  922    0 0.360E-07 0.860E-07
  923    0 0.380E-07 0.860E-07
  924    0 0.400E-07 0.860E-07
  925    0 0.000E+00 0.880E-07
  926    0 0.200E-08 0.880E-07
  927    0 0.400E-08 0.880E-07
  928    0 0.600E-08 0.880E-07
  929    0 0.800E-08 0.880E-07
  930    0 0.100E-07 0.880E-07
  931    0 0.120E-07 0.880E-07
  932    0 0.140E-07 0.880E-07
  933    0 0.160E-07 0.880E-07
  934    0 0.180E-07 0.880E-07
  935    0 0.200E-07 0.880E-07
  936    0 0.220E-07 0.880E-07
  937    0 0.240E-07 0.880E-07
  938    0 0.260E-07 0.880E-07
  939    0 0.280E-07 0.880E-07
  940    0 0.300E-07 0.880E-07
  941    0 0.320E-07 0.880E-07
  942    0 0.340E-07 0.880E-07
  943    0 0.360E-07 0.880E-07
  944    0 0.380E-07 0.880E-07
  945    0 0.400E-07 0.880E-07
  946    0 0.000E+00 0.900E-07
  947    0 0.200E-08 0.900E-07
  948    0 0.400E-08 0.900E-07
  949    0 0.600E-08 0.900E-07
  950    0 0.800E-08 0.900E-07
  951    0 0.100E-07 0.900E-07
  952    0 0.120E-07 0.900E-07
  953    0 0.140E-07 0.900E-07
  954    0 0.160E-07 0.900E-07
  955    0 0.180E-07 0.900E-07
  956    0 0.200E-07 0.900E-07
  957    0 0.220E-07 0.900E-07
  958    0 0.240E-07 0.900E-07
  959    0 0.260E-07 0.900E-07
  960    0 0.280E-07 0.900E-07
  961    0 0.300E-07 0.900E-07
  962    0 0.320E-07 0.900E-07
  963    0 0.340E-07 0.900E-07
  964    0 0.360E-07 0.900E-07
  965    0 0.380E-07 0.900E-07
  966    0 0.400E-07 0.900E-07
  967    0 0.000E+00 0.920E-07
  968    0 0.200E-08 0.920E-07
  969    0 0.400E-08 0.920E-07
  970    0 0.600E-08 0.920E-07
  971    0 0.800E-08 0.920E-07
  972    0 0.100E-07 0.920E-07
  973    0 0.120E-07 0.920E-07
  974    0 0.140E-07 0.920E-07
  975    0 0.160E-07 0.920E-07
  976    0 0.180E-07 0.920E-07
  977    0 0.200E-07 0.920E-07
  978    0 0.220E-07 0.920E-07
  979    0 0.240E-07 0.920E-07
  980    0 0.260E-07 0.920E-07
  981    0 0.280E-07 0.920E-07
  982    0 0.300E-07 0.920E-07
  983    0 0.320E-07 0.920E-07
  984    0 0.340E-07 0.920E-07
  985    0 0.360E-07 0.920E-07
  986    0 0.380E-07 0.920E-07
  987    0 0.400E-07 0.920E-07
  988    0 0.000E+00 0.940E-07
  989    0 0.200E-08 0.940E-07
  990    0 0.400E-08 0.940E-07
  991    0 0.600E-08 0.940E-07
  992    0 0.800E-08 0.940E-07
  993    0 0.100E-07 0.940E-07
  994    0 0.120E-07 0.940E-07
  995    0 0.140E-07 0.940E-07
  996    0 0.160E-07 0.940E-07
  997    0 0.180E-07 0.940E-07
  998    0 0.200E-07 0.940E-07
  999    0 0.220E-07 0.940E-07
 1000    0 0.240E-07 0.940E-07
 1001    0 0.260E-07 0.940E-07
 1002    0 0.280E-07 0.940E-07
 1003    0 0.300E-07 0.940E-07
 1004    0 0.320E-07 0.940E-07
 1005    0 0.340E-07 0.940E-07
 1006    0 0.360E-07 0.940E-07
 1007    0 0.380E-07 0.940E-07
 1008    0 0.400E-07 0.940E-07
 1009    0 0.000E+00 0.960E-07
 1010    0 0.200E-08 0.960E-07
 1011    0 0.400E-08 0.960E-07
 1012    0 0.600E-08 0.960E-07
 1013    0 0.800E-08 0.960E-07
 1014    0 0.100E-07 0.960E-07
 1015    0 0.120E-07 0.960E-07
 1016    0 0.140E-07 0.960E-07
 1017    0 0.160E-07 0.960E-07
 1018    0 0.180E-07 0.960E-07
 1019    0 0.200E-07 0.960E-07
 1020    0 0.220E-07 0.960E-07
 1021    0 0.240E-07 0.960E-07
 1022    0 0.260E-07 0.960E-07
 1023    0 0.280E-07 0.960E-07
 1024    0 0.300E-07 0.960E-07
 1025    0 0.320E-07 0.960E-07
 1026    0 0.340E-07 0.960E-07
 1027    0 0.360E-07 0.960E-07
 1028    0 0.380E-07 0.960E-07
 1029    0 0.400E-07 0.960E-07
 1030    0 0.000E+00 0.980E-07
 1031    0 0.200E-08 0.980E-07
 1032    0 0.400E-08 0.980E-07
 1033    0 0.600E-08 0.980E-07
 1034    0 0.800E-08 0.980E-07
 1035    0 0.100E-07 0.980E-07
 1036    0 0.120E-07 0.980E-07
 1037    0 0.140E-07 0.980E-07
 1038    0 0.160E-07 0.980E-07
 1039    0 0.180E-07 0.980E-07
 1040    0 0.200E-07 0.980E-07
 1041    0 0.220E-07 0.980E-07
 1042    0 0.240E-07 0.980E-07
 1043    0 0.260E-07 0.980E-07
 1044    0 0.280E-07 0.980E-07
 1045    0 0.300E-07 0.980E-07
 1046    0 0.320E-07 0.980E-07
 1047    0 0.340E-07 0.980E-07
 1048    0 0.360E-07 0.980E-07
 1049    0 0.380E-07 0.980E-07
 1050    0 0.400E-07 0.980E-07
 1051    0 0.000E+00 0.100E-06
 1052    0 0.200E-08 0.100E-06
 1053    0 0.400E-08 0.100E-06
 1054    0 0.600E-08 0.100E-06
 1055    0 0.800E-08 0.100E-06
 1056    0 0.100E-07 0.100E-06
 1057    0 0.120E-07 0.100E-06
 1058    0 0.140E-07 0.100E-06
 1059    0 0.160E-07 0.100E-06
 1060    0 0.180E-07 0.100E-06
 1061    0 0.200E-07 0.100E-06
 1062    0 0.220E-07 0.100E-06
 1063    0 0.240E-07 0.100E-06
 1064    0 0.260E-07 0.100E-06
 1065    0 0.280E-07 0.100E-06
 1066    0 0.300E-07 0.100E-06
 1067    0 0.320E-07 0.100E-06
 1068    0 0.340E-07 0.100E-06
 1069    0 0.360E-07 0.100E-06
 1070    0 0.380E-07 0.100E-06
 1071    0 0.400E-07 0.100E-06
 1072    0 0.000E+00 0.102E-06
 1073    0 0.200E-08 0.102E-06
 1074    0 0.400E-08 0.102E-06
 1075    0 0.600E-08 0.102E-06
 1076    0 0.800E-08 0.102E-06
 1077    0 0.100E-07 0.102E-06
 1078    0 0.120E-07 0.102E-06
 1079    0 0.140E-07 0.102E-06
 1080    0 0.160E-07 0.102E-06
 1081    0 0.180E-07 0.102E-06
 1082    0 0.200E-07 0.102E-06
 1083    0 0.220E-07 0.102E-06
 1084    0 0.240E-07 0.102E-06
 1085    0 0.260E-07 0.102E-06
 1086    0 0.280E-07 0.102E-06
 1087    0 0.300E-07 0.102E-06
 1088    0 0.320E-07 0.102E-06
 1089    0 0.340E-07 0.102E-06
 1090    0 0.360E-07 0.102E-06
 1091    0 0.380E-07 0.102E-06
 1092    0 0.400E-07 0.102E-06
 1093    0 0.000E+00 0.104E-06
 1094    0 0.200E-08 0.104E-06
 1095    0 0.400E-08 0.104E-06
 1096    0 0.600E-08 0.104E-06
 1097    0 0.800E-08 0.104E-06
 1098    0 0.100E-07 0.104E-06
 1099    0 0.120E-07 0.104E-06
 1100    0 0.140E-07 0.104E-06
 1101    0 0.160E-07 0.104E-06
 1102    0 0.180E-07 0.104E-06
 1103    0 0.200E-07 0.104E-06
 1104    0 0.220E-07 0.104E-06
 1105    0 0.240E-07 0.104E-06
 1106    0 0.260E-07 0.104E-06
 1107    0 0.280E-07 0.104E-06
 1108    0 0.300E-07 0.104E-06
 1109    0 0.320E-07 0.104E-06
 1110    0 0.340E-07 0.104E-06
 1111    0 0.360E-07 0.104E-06
 1112    0 0.380E-07 0.104E-06
 1113    0 0.400E-07 0.104E-06
 1114    0 0.000E+00 0.106E-06
 1115    0 0.200E-08 0.106E-06
 1116    0 0.400E-08 0.106E-06
 1117    0 0.600E-08 0.106E-06
 1118    0 0.800E-08 0.106E-06
 1119    0 0.100E-07 0.106E-06
 1120    0 0.120E-07 0.106E-06
 1121    0 0.140E-07 0.106E-06
 1122    0 0.160E-07 0.106E-06
 1123    0 0.180E-07 0.106E-06
 1124    0 0.200E-07 0.106E-06
 1125    0 0.220E-07 0.106E-06
 1126    0 0.240E-07 0.106E-06
 1127    0 0.260E-07 0.106E-06
 1128    0 0.280E-07 0.106E-06
 1129    0 0.300E-07 0.106E-06
 1130    0 0.320E-07 0.106E-06
 1131    0 0.340E-07 0.106E-06
 1132    0 0.360E-07 0.106E-06
 1133    0 0.380E-07 0.106E-06
 1134    0 0.400E-07 0.106E-06
 1135    0 0.000E+00 0.108E-06
 1136    0 0.200E-08 0.108E-06
 1137    0 0.400E-08 0.108E-06
 1138    0 0.600E-08 0.108E-06
 1139    0 0.800E-08 0.108E-06
 1140    0 0.100E-07 0.108E-06
 1141    0 0.120E-07 0.108E-06
 1142    0 0.140E-07 0.108E-06
 1143    0 0.160E-07 0.108E-06
 1144    0 0.180E-07 0.108E-06
 1145    0 0.200E-07 0.108E-06
 1146    0 0.220E-07 0.108E-06
 1147    0 0.240E-07 0.108E-06
 1148    0 0.260E-07 0.108E-06
 1149    0 0.280E-07 0.108E-06
 1150    0 0.300E-07 0.108E-06
 1151    0 0.320E-07 0.108E-06
 1152    0 0.340E-07 0.108E-06
 1153    0 0.360E-07 0.108E-06
 1154    0 0.380E-07 0.108E-06
 1155    0 0.400E-07 0.108E-06
 1156    0 0.000E+00 0.110E-06
 1157    0 0.200E-08 0.110E-06
 1158    0 0.400E-08 0.110E-06
 1159    0 0.600E-08 0.110E-06
 1160    0 0.800E-08 0.110E-06
 1161    0 0.100E-07 0.110E-06
 1162    0 0.120E-07 0.110E-06
 1163    0 0.140E-07 0.110E-06
 1164    0 0.160E-07 0.110E-06
 1165    0 0.180E-07 0.110E-06
 1166    0 0.200E-07 0.110E-06
 1167    0 0.220E-07 0.110E-06
 1168    0 0.240E-07 0.110E-06
 1169    0 0.260E-07 0.110E-06
 1170    0 0.280E-07 0.110E-06
 1171    0 0.300E-07 0.110E-06
 1172    0 0.320E-07 0.110E-06
 1173    0 0.340E-07 0.110E-06
 1174    0 0.360E-07 0.110E-06
 1175    0 0.380E-07 0.110E-06
 1176    0 0.400E-07 0.110E-06
 1177    0 0.000E+00 0.112E-06
 1178    0 0.200E-08 0.112E-06
 1179    0 0.400E-08 0.112E-06
 1180    0 0.600E-08 0.112E-06
 1181    0 0.800E-08 0.112E-06
 1182    0 0.100E-07 0.112E-06
 1183    0 0.120E-07 0.112E-06
 1184    0 0.140E-07 0.112E-06
 1185    0 0.160E-07 0.112E-06
 1186    0 0.180E-07 0.112E-06
 1187    0 0.200E-07 0.112E-06
 1188    0 0.220E-07 0.112E-06
 1189    0 0.240E-07 0.112E-06
 1190    0 0.260E-07 0.112E-06
 1191    0 0.280E-07 0.112E-06
 1192    0 0.300E-07 0.112E-06
 1193    0 0.320E-07 0.112E-06
 1194    0 0.340E-07 0.112E-06
 1195    0 0.360E-07 0.112E-06
 1196    0 0.380E-07 0.112E-06
 1197    0 0.400E-07 0.112E-06
 1198    0 0.000E+00 0.114E-06
 1199    0 0.200E-08 0.114E-06
 1200    0 0.400E-08 0.114E-06
 1201    0 0.600E-08 0.114E-06
 1202    0 0.800E-08 0.114E-06
 1203    0 0.100E-07 0.114E-06
 1204    0 0.120E-07 0.114E-06
 1205    0 0.140E-07 0.114E-06
 1206    0 0.160E-07 0.114E-06
 1207    0 0.180E-07 0.114E-06
 1208    0 0.200E-07 0.114E-06
 1209    0 0.220E-07 0.114E-06
 1210    0 0.240E-07 0.114E-06
 1211    0 0.260E-07 0.114E-06
 1212    0 0.280E-07 0.114E-06
 1213    0 0.300E-07 0.114E-06
 1214    0 0.320E-07 0.114E-06
 1215    0 0.340E-07 0.114E-06
 1216    0 0.360E-07 0.114E-06
 1217    0 0.380E-07 0.114E-06
 1218    0 0.400E-07 0.114E-06
 1219    0 0.000E+00 0.116E-06
 1220    0 0.200E-08 0.116E-06
 1221    0 0.400E-08 0.116E-06
 1222    0 0.600E-08 0.116E-06
 1223    0 0.800E-08 0.116E-06
 1224    0 0.100E-07 0.116E-06
 1225    0 0.120E-07 0.116E-06
 1226    0 0.140E-07 0.116E-06
 1227    0 0.160E-07 0.116E-06
 1228    0 0.180E-07 0.116E-06
 1229    0 0.200E-07 0.116E-06
 1230    0 0.220E-07 0.116E-06
 1231    0 0.240E-07 0.116E-06
 1232    0 0.260E-07 0.116E-06
 1233    0 0.280E-07 0.116E-06
 1234    0 0.300E-07 0.116E-06
 1235    0 0.320E-07 0.116E-06
 1236    0 0.340E-07 0.116E-06
 1237    0 0.360E-07 0.116E-06
 1238    0 0.380E-07 0.116E-06
 1239    0 0.400E-07 0.116E-06
 1240    0 0.000E+00 0.118E-06
 1241    0 0.200E-08 0.118E-06
 1242    0 0.400E-08 0.118E-06
 1243    0 0.600E-08 0.118E-06
 1244    0 0.800E-08 0.118E-06
 1245    0 0.100E-07 0.118E-06
 1246    0 0.120E-07 0.118E-06
 1247    0 0.140E-07 0.118E-06
 1248    0 0.160E-07 0.118E-06
 1249    0 0.180E-07 0.118E-06
 1250    0 0.200E-07 0.118E-06
 1251    0 0.220E-07 0.118E-06
 1252    0 0.240E-07 0.118E-06
 1253    0 0.260E-07 0.118E-06
 1254    0 0.280E-07 0.118E-06
 1255    0 0.300E-07 0.118E-06
 1256    0 0.320E-07 0.118E-06
 1257    0 0.340E-07 0.118E-06
 1258    0 0.360E-07 0.118E-06
 1259    0 0.380E-07 0.118E-06
 1260    0 0.400E-07 0.118E-06
 1261    0 0.000E+00 0.120E-06
 1262    0 0.200E-08 0.120E-06
 1263    0 0.400E-08 0.120E-06
 1264    0 0.600E-08 0.120E-06
 1265    0 0.800E-08 0.120E-06
 1266    0 0.100E-07 0.120E-06
 1267    0 0.120E-07 0.120E-06
 1268    0 0.140E-07 0.120E-06
 1269    0 0.160E-07 0.120E-06
 1270    0 0.180E-07 0.120E-06
 1271    0 0.200E-07 0.120E-06
 1272    0 0.220E-07 0.120E-06
 1273    0 0.240E-07 0.120E-06
 1274    0 0.260E-07 0.120E-06
 1275    0 0.280E-07 0.120E-06
 1276    0 0.300E-07 0.120E-06
 1277    0 0.320E-07 0.120E-06
 1278    0 0.340E-07 0.120E-06
 1279    0 0.360E-07 0.120E-06
 1280    0 0.380E-07 0.120E-06
 1281    0 0.400E-07 0.120E-06

INIT
    1    1       0.0       0.0    0.0006     295.0
 1281    0       0.0       0.0    0.0006     295.0

ELEM
    1    1    1    2   23   22    1 
   20    1   20   21   42   41    0 
   21    1   22   23   44   43    1 
   40    1   41   42   63   62    0 
   41    1   43   44   65   64    1 
   60    1   62   63   84   83    0 
   61    1   64   65   86   85    1 
   80    1   83   84  105  104    0 
   81    1   85   86  107  106    1 
  100    1  104  105  126  125    0 
  101    1  106  107  128  127    1 
  120    1  125  126  147  146    0 
  121    1  127  128  149  148    1 
  140    1  146  147  168  167    0 
  141    1  148  149  170  169    1 
  160    1  167  168  189  188    0 
  161    1  169  170  191  190    1 
  180    1  188  189  210  209    0 
  181    1  190  191  212  211    1 
  200    1  209  210  231  230    0 
  201    1  211  212  233  232    1 
  220    1  230  231  252  251    0 
  221    1  232  233  254  253    1 
  240    1  251  252  273  272    0 
  241    1  253  254  275  274    1 
  260    1  272  273  294  293    0 
  261    1  274  275  296  295    1 
  280    1  293  294  315  314    0 
  281    1  295  296  317  316    1 
  300    1  314  315  336  335    0 
  301    1  316  317  338  337    1 
  320    1  335  336  357  356    0 
  321    1  337  338  359  358    1 
  340    1  356  357  378  377    0 
  341    1  358  359  380  379    1 
  360    1  377  378  399  398    0 
  361    1  379  380  401  400    1 
  380    1  398  399  420  419    0 
  381    1  400  401  422  421    1 
  400    1  419  420  441  440    0 
  401    1  421  422  443  442    1 
  420    1  440  441  462  461    0 
  421    1  442  443  464  463    1 
  440    1  461  462  483  482    0 
  441    1  463  464  485  484    1 
  460    1  482  483  504  503    0 
  461    1  484  485  506  505    1 
  480    1  503  504  525  524    0 
  481    1  505  506  527  526    1 
  500    1  524  525  546  545    0 
  501    1  526  527  548  547    1 
  520    1  545  546  567  566    0 
  521    1  547  548  569  568    1 
  540    1  566  567  588  587    0 
  541    1  568  569  590  589    1 
  560    1  587  588  609  608    0 
  561    1  589  590  611  610    1 
  580    1  608  609  630  629    0 
  581    1  610  611  632  631    1 
  600    1  629  630  651  650    0 
  601    1  631  632  653  652    1 
  620    1  650  651  672  671    0 
  621    1  652  653  674  673    1 
  640    1  671  672  693  692    0 
  641    1  673  674  695  694    1 
  660    1  692  693  714  713    0 
  661    1  694  695  716  715    1 
  680    1  713  714  735  734    0 
  681    1  715  716  737  736    1 
  700    1  734  735  756  755    0 
  701    1  736  737  758  757    1 
  720    1  755  756  777  776    0 
  721    1  757  758  779  778    1 
  740    1  776  777  798  797    0 
  741    1  778  779  800  799    1 
  760    1  797  798  819  818    0 
  761    1  799  800  821  820    1 
  780    1  818  819  840  839    0 
  781    1  820  821  842  841    1 
  800    1  839  840  861  860    0 
  801    1  841  842  863  862    1
  820    1  860  861  882  881    0
  821    1  862  863  884  883    1
  840    1  881  882  903  902    0
  841    1  883  884  905  904    1
  860    1  902  903  924  923    0
  861    1  904  905  926  925    1
  880    1  923  924  945  944    0
  881    1  925  926  947  946    1
  900    1  944  945  966  965    0
  901    1  946  947  968  967    1
  920    1  965  966  987  986    0
  921    1  967  968  989  988    1
  940    1  986  987 1008 1007    0
  941    1  988  989 1010 1009    1
  960    1 1007 1008 1029 1028    0
  961    1 1009 1010 1031 1030    1
  980    1 1028 1029 1050 1049    0
  981    1 1030 1031 1052 1051    1
 1000    1 1049 1050 1071 1070    0
 1001    1 1051 1052 1073 1072    1
 1020    1 1070 1071 1092 1091    0
 1021    1 1072 1073 1094 1093    1
 1040    1 1091 1092 1113 1112    0
 1041    1 1093 1094 1115 1114    1
 1060    1 1112 1113 1134 1133    0
 1061    1 1114 1115 1136 1135    1
 1080    1 1133 1134 1155 1154    0
 1081    1 1135 1136 1157 1156    1
 1100    1 1154 1155 1176 1175    0
 1101    1 1156 1157 1178 1177    1
 1120    1 1175 1176 1197 1196    0
 1121    1 1177 1178 1199 1198    1
 1140    1 1196 1197 1218 1217    0
 1141    1 1198 1199 1220 1219    1
 1160    1 1217 1218 1239 1238    0
 1161    1 1219 1220 1241 1240    1
 1180    1 1238 1239 1260 1259    0
 1181    1 1240 1241 1262 1261    1
 1200    1 1259 1260 1281 1280    0


PRIN
MP01

MATE
    1    1
       0.0       0.0         1      0.10   1.0e+18
108.54e+09 33.52e+09   1.0e-05     295.0   1.1e+14    -550.0  1.73e-04      0.02
     0.105    0.0006   9.0e-04     295.0    0.0006 1.375e-05   1.6e-05  10.0e+12
   9.6e+11	 0.0   0.5e-19  1.38e-23 12.47e+06   4.0e+08   6.0e-12

SET
    2    1
 1281

END
MACR
NOPR
PROP
DT            1.0e-6
PARA             0.0       0.6
LMAS
LOOP               2
LOOP            1000
LOOP            5000
TIME
MA01
NEXT
PRTS REAC          1
NEXT
NEXT
REST WRIT
END
       0.0       0.0       1.0
       1.0  0.12e-09       1.0
      50.0   6.0e-09       1.0
STOP
