FEAP PLANE STRAIN COMPRESSION : Multiple element test
 1891 1800    1    2    3    4    6   26    5    3    0    0
NOPR
COOR
    1    0 0.000E+00 0.000E+00  
    2    0 0.333E-09 0.000E+00 
    3    0 0.667E-09 0.000E+00 
    4    0 0.100E-08 0.000E+00 
    5    0 0.133E-08 0.000E+00 
    6    0 0.167E-08 0.000E+00 
    7    0 0.200E-08 0.000E+00 
    8    0 0.233E-08 0.000E+00 
    9    0 0.267E-08 0.000E+00 
   10    0 0.300E-08 0.000E+00 
   11    0 0.333E-08 0.000E+00 
   12    0 0.367E-08 0.000E+00 
   13    0 0.400E-08 0.000E+00 
   14    0 0.433E-08 0.000E+00 
   15    0 0.467E-08 0.000E+00 
   16    0 0.500E-08 0.000E+00 
   17    0 0.533E-08 0.000E+00 
   18    0 0.567E-08 0.000E+00 
   19    0 0.600E-08 0.000E+00 
   20    0 0.633E-08 0.000E+00 
   21    0 0.667E-08 0.000E+00 
   22    0 0.700E-08 0.000E+00 
   23    0 0.733E-08 0.000E+00 
   24    0 0.767E-08 0.000E+00 
   25    0 0.800E-08 0.000E+00 
   26    0 0.833E-08 0.000E+00 
   27    0 0.867E-08 0.000E+00 
   28    0 0.900E-08 0.000E+00 
   29    0 0.933E-08 0.000E+00 
   30    0 0.967E-08 0.000E+00 
   31    0 0.100E-07 0.000E+00 
   32    0 0.000E+00 0.333E-09 
   33    0 0.333E-09 0.333E-09 
   34    0 0.667E-09 0.333E-09 
   35    0 0.100E-08 0.333E-09 
   36    0 0.133E-08 0.333E-09 
   37    0 0.167E-08 0.333E-09 
   38    0 0.200E-08 0.333E-09 
   39    0 0.233E-08 0.333E-09 
   40    0 0.267E-08 0.333E-09 
   41    0 0.300E-08 0.333E-09 
   42    0 0.333E-08 0.333E-09 
   43    0 0.367E-08 0.333E-09 
   44    0 0.400E-08 0.333E-09 
   45    0 0.433E-08 0.333E-09 
   46    0 0.467E-08 0.333E-09 
   47    0 0.500E-08 0.333E-09 
   48    0 0.533E-08 0.333E-09 
   49    0 0.567E-08 0.333E-09 
   50    0 0.600E-08 0.333E-09 
   51    0 0.633E-08 0.333E-09 
   52    0 0.667E-08 0.333E-09 
   53    0 0.700E-08 0.333E-09 
   54    0 0.733E-08 0.333E-09 
   55    0 0.767E-08 0.333E-09 
   56    0 0.800E-08 0.333E-09 
   57    0 0.833E-08 0.333E-09 
   58    0 0.867E-08 0.333E-09 
   59    0 0.900E-08 0.333E-09 
   60    0 0.933E-08 0.333E-09 
   61    0 0.967E-08 0.333E-09 
   62    0 0.100E-07 0.333E-09 
   63    0 0.000E+00 0.667E-09 
   64    0 0.333E-09 0.667E-09 
   65    0 0.667E-09 0.667E-09 
   66    0 0.100E-08 0.667E-09 
   67    0 0.133E-08 0.667E-09 
   68    0 0.167E-08 0.667E-09 
   69    0 0.200E-08 0.667E-09 
   70    0 0.233E-08 0.667E-09 
   71    0 0.267E-08 0.667E-09 
   72    0 0.300E-08 0.667E-09 
   73    0 0.333E-08 0.667E-09 
   74    0 0.367E-08 0.667E-09 
   75    0 0.400E-08 0.667E-09 
   76    0 0.433E-08 0.667E-09 
   77    0 0.467E-08 0.667E-09 
   78    0 0.500E-08 0.667E-09 
   79    0 0.533E-08 0.667E-09 
   80    0 0.567E-08 0.667E-09 
   81    0 0.600E-08 0.667E-09 
   82    0 0.633E-08 0.667E-09 
   83    0 0.667E-08 0.667E-09 
   84    0 0.700E-08 0.667E-09 
   85    0 0.733E-08 0.667E-09 
   86    0 0.767E-08 0.667E-09 
   87    0 0.800E-08 0.667E-09 
   88    0 0.833E-08 0.667E-09 
   89    0 0.867E-08 0.667E-09 
   90    0 0.900E-08 0.667E-09 
   91    0 0.933E-08 0.667E-09 
   92    0 0.967E-08 0.667E-09 
   93    0 0.100E-07 0.667E-09 
   94    0 0.000E+00 0.100E-08 
   95    0 0.333E-09 0.100E-08 
   96    0 0.667E-09 0.100E-08 
   97    0 0.100E-08 0.100E-08 
   98    0 0.133E-08 0.100E-08 
   99    0 0.167E-08 0.100E-08 
  100    0 0.200E-08 0.100E-08 
  101    0 0.233E-08 0.100E-08 
  102    0 0.267E-08 0.100E-08 
  103    0 0.300E-08 0.100E-08 
  104    0 0.333E-08 0.100E-08 
  105    0 0.367E-08 0.100E-08 
  106    0 0.400E-08 0.100E-08 
  107    0 0.433E-08 0.100E-08 
  108    0 0.467E-08 0.100E-08 
  109    0 0.500E-08 0.100E-08 
  110    0 0.533E-08 0.100E-08 
  111    0 0.567E-08 0.100E-08 
  112    0 0.600E-08 0.100E-08 
  113    0 0.633E-08 0.100E-08 
  114    0 0.667E-08 0.100E-08 
  115    0 0.700E-08 0.100E-08 
  116    0 0.733E-08 0.100E-08 
  117    0 0.767E-08 0.100E-08 
  118    0 0.800E-08 0.100E-08 
  119    0 0.833E-08 0.100E-08 
  120    0 0.867E-08 0.100E-08 
  121    0 0.900E-08 0.100E-08 
  122    0 0.933E-08 0.100E-08 
  123    0 0.967E-08 0.100E-08 
  124    0 0.100E-07 0.100E-08 
  125    0 0.000E+00 0.133E-08 
  126    0 0.333E-09 0.133E-08 
  127    0 0.667E-09 0.133E-08 
  128    0 0.100E-08 0.133E-08 
  129    0 0.133E-08 0.133E-08 
  130    0 0.167E-08 0.133E-08 
  131    0 0.200E-08 0.133E-08 
  132    0 0.233E-08 0.133E-08 
  133    0 0.267E-08 0.133E-08 
  134    0 0.300E-08 0.133E-08 
  135    0 0.333E-08 0.133E-08 
  136    0 0.367E-08 0.133E-08 
  137    0 0.400E-08 0.133E-08 
  138    0 0.433E-08 0.133E-08 
  139    0 0.467E-08 0.133E-08 
  140    0 0.500E-08 0.133E-08 
  141    0 0.533E-08 0.133E-08 
  142    0 0.567E-08 0.133E-08 
  143    0 0.600E-08 0.133E-08 
  144    0 0.633E-08 0.133E-08 
  145    0 0.667E-08 0.133E-08 
  146    0 0.700E-08 0.133E-08 
  147    0 0.733E-08 0.133E-08 
  148    0 0.767E-08 0.133E-08 
  149    0 0.800E-08 0.133E-08 
  150    0 0.833E-08 0.133E-08 
  151    0 0.867E-08 0.133E-08 
  152    0 0.900E-08 0.133E-08 
  153    0 0.933E-08 0.133E-08 
  154    0 0.967E-08 0.133E-08 
  155    0 0.100E-07 0.133E-08 
  156    0 0.000E+00 0.167E-08 
  157    0 0.333E-09 0.167E-08 
  158    0 0.667E-09 0.167E-08 
  159    0 0.100E-08 0.167E-08 
  160    0 0.133E-08 0.167E-08 
  161    0 0.167E-08 0.167E-08 
  162    0 0.200E-08 0.167E-08 
  163    0 0.233E-08 0.167E-08 
  164    0 0.267E-08 0.167E-08 
  165    0 0.300E-08 0.167E-08 
  166    0 0.333E-08 0.167E-08 
  167    0 0.367E-08 0.167E-08 
  168    0 0.400E-08 0.167E-08 
  169    0 0.433E-08 0.167E-08 
  170    0 0.467E-08 0.167E-08 
  171    0 0.500E-08 0.167E-08 
  172    0 0.533E-08 0.167E-08 
  173    0 0.567E-08 0.167E-08 
  174    0 0.600E-08 0.167E-08 
  175    0 0.633E-08 0.167E-08 
  176    0 0.667E-08 0.167E-08 
  177    0 0.700E-08 0.167E-08 
  178    0 0.733E-08 0.167E-08 
  179    0 0.767E-08 0.167E-08 
  180    0 0.800E-08 0.167E-08 
  181    0 0.833E-08 0.167E-08 
  182    0 0.867E-08 0.167E-08 
  183    0 0.900E-08 0.167E-08 
  184    0 0.933E-08 0.167E-08 
  185    0 0.967E-08 0.167E-08 
  186    0 0.100E-07 0.167E-08 
  187    0 0.000E+00 0.200E-08 
  188    0 0.333E-09 0.200E-08 
  189    0 0.667E-09 0.200E-08 
  190    0 0.100E-08 0.200E-08 
  191    0 0.133E-08 0.200E-08 
  192    0 0.167E-08 0.200E-08 
  193    0 0.200E-08 0.200E-08 
  194    0 0.233E-08 0.200E-08 
  195    0 0.267E-08 0.200E-08 
  196    0 0.300E-08 0.200E-08 
  197    0 0.333E-08 0.200E-08 
  198    0 0.367E-08 0.200E-08 
  199    0 0.400E-08 0.200E-08 
  200    0 0.433E-08 0.200E-08 
  201    0 0.467E-08 0.200E-08 
  202    0 0.500E-08 0.200E-08 
  203    0 0.533E-08 0.200E-08 
  204    0 0.567E-08 0.200E-08 
  205    0 0.600E-08 0.200E-08 
  206    0 0.633E-08 0.200E-08 
  207    0 0.667E-08 0.200E-08 
  208    0 0.700E-08 0.200E-08 
  209    0 0.733E-08 0.200E-08 
  210    0 0.767E-08 0.200E-08 
  211    0 0.800E-08 0.200E-08 
  212    0 0.833E-08 0.200E-08 
  213    0 0.867E-08 0.200E-08 
  214    0 0.900E-08 0.200E-08 
  215    0 0.933E-08 0.200E-08 
  216    0 0.967E-08 0.200E-08 
  217    0 0.100E-07 0.200E-08 
  218    0 0.000E+00 0.233E-08 
  219    0 0.333E-09 0.233E-08 
  220    0 0.667E-09 0.233E-08 
  221    0 0.100E-08 0.233E-08 
  222    0 0.133E-08 0.233E-08 
  223    0 0.167E-08 0.233E-08 
  224    0 0.200E-08 0.233E-08 
  225    0 0.233E-08 0.233E-08 
  226    0 0.267E-08 0.233E-08 
  227    0 0.300E-08 0.233E-08 
  228    0 0.333E-08 0.233E-08 
  229    0 0.367E-08 0.233E-08 
  230    0 0.400E-08 0.233E-08 
  231    0 0.433E-08 0.233E-08 
  232    0 0.467E-08 0.233E-08 
  233    0 0.500E-08 0.233E-08 
  234    0 0.533E-08 0.233E-08 
  235    0 0.567E-08 0.233E-08 
  236    0 0.600E-08 0.233E-08 
  237    0 0.633E-08 0.233E-08 
  238    0 0.667E-08 0.233E-08 
  239    0 0.700E-08 0.233E-08 
  240    0 0.733E-08 0.233E-08 
  241    0 0.767E-08 0.233E-08 
  242    0 0.800E-08 0.233E-08 
  243    0 0.833E-08 0.233E-08 
  244    0 0.867E-08 0.233E-08 
  245    0 0.900E-08 0.233E-08 
  246    0 0.933E-08 0.233E-08 
  247    0 0.967E-08 0.233E-08 
  248    0 0.100E-07 0.233E-08 
  249    0 0.000E+00 0.267E-08 
  250    0 0.333E-09 0.267E-08 
  251    0 0.667E-09 0.267E-08 
  252    0 0.100E-08 0.267E-08 
  253    0 0.133E-08 0.267E-08 
  254    0 0.167E-08 0.267E-08 
  255    0 0.200E-08 0.267E-08 
  256    0 0.233E-08 0.267E-08 
  257    0 0.267E-08 0.267E-08 
  258    0 0.300E-08 0.267E-08 
  259    0 0.333E-08 0.267E-08 
  260    0 0.367E-08 0.267E-08 
  261    0 0.400E-08 0.267E-08 
  262    0 0.433E-08 0.267E-08 
  263    0 0.467E-08 0.267E-08 
  264    0 0.500E-08 0.267E-08 
  265    0 0.533E-08 0.267E-08 
  266    0 0.567E-08 0.267E-08 
  267    0 0.600E-08 0.267E-08 
  268    0 0.633E-08 0.267E-08 
  269    0 0.667E-08 0.267E-08 
  270    0 0.700E-08 0.267E-08 
  271    0 0.733E-08 0.267E-08 
  272    0 0.767E-08 0.267E-08 
  273    0 0.800E-08 0.267E-08 
  274    0 0.833E-08 0.267E-08 
  275    0 0.867E-08 0.267E-08 
  276    0 0.900E-08 0.267E-08 
  277    0 0.933E-08 0.267E-08 
  278    0 0.967E-08 0.267E-08 
  279    0 0.100E-07 0.267E-08 
  280    0 0.000E+00 0.300E-08 
  281    0 0.333E-09 0.300E-08 
  282    0 0.667E-09 0.300E-08 
  283    0 0.100E-08 0.300E-08 
  284    0 0.133E-08 0.300E-08 
  285    0 0.167E-08 0.300E-08 
  286    0 0.200E-08 0.300E-08 
  287    0 0.233E-08 0.300E-08 
  288    0 0.267E-08 0.300E-08 
  289    0 0.300E-08 0.300E-08 
  290    0 0.333E-08 0.300E-08 
  291    0 0.367E-08 0.300E-08 
  292    0 0.400E-08 0.300E-08 
  293    0 0.433E-08 0.300E-08 
  294    0 0.467E-08 0.300E-08 
  295    0 0.500E-08 0.300E-08 
  296    0 0.533E-08 0.300E-08 
  297    0 0.567E-08 0.300E-08 
  298    0 0.600E-08 0.300E-08 
  299    0 0.633E-08 0.300E-08 
  300    0 0.667E-08 0.300E-08 
  301    0 0.700E-08 0.300E-08 
  302    0 0.733E-08 0.300E-08 
  303    0 0.767E-08 0.300E-08 
  304    0 0.800E-08 0.300E-08 
  305    0 0.833E-08 0.300E-08 
  306    0 0.867E-08 0.300E-08 
  307    0 0.900E-08 0.300E-08 
  308    0 0.933E-08 0.300E-08 
  309    0 0.967E-08 0.300E-08 
  310    0 0.100E-07 0.300E-08 
  311    0 0.000E+00 0.333E-08 
  312    0 0.333E-09 0.333E-08 
  313    0 0.667E-09 0.333E-08 
  314    0 0.100E-08 0.333E-08 
  315    0 0.133E-08 0.333E-08 
  316    0 0.167E-08 0.333E-08 
  317    0 0.200E-08 0.333E-08 
  318    0 0.233E-08 0.333E-08 
  319    0 0.267E-08 0.333E-08 
  320    0 0.300E-08 0.333E-08 
  321    0 0.333E-08 0.333E-08 
  322    0 0.367E-08 0.333E-08 
  323    0 0.400E-08 0.333E-08 
  324    0 0.433E-08 0.333E-08 
  325    0 0.467E-08 0.333E-08 
  326    0 0.500E-08 0.333E-08 
  327    0 0.533E-08 0.333E-08 
  328    0 0.567E-08 0.333E-08 
  329    0 0.600E-08 0.333E-08 
  330    0 0.633E-08 0.333E-08 
  331    0 0.667E-08 0.333E-08 
  332    0 0.700E-08 0.333E-08 
  333    0 0.733E-08 0.333E-08 
  334    0 0.767E-08 0.333E-08 
  335    0 0.800E-08 0.333E-08 
  336    0 0.833E-08 0.333E-08 
  337    0 0.867E-08 0.333E-08 
  338    0 0.900E-08 0.333E-08 
  339    0 0.933E-08 0.333E-08 
  340    0 0.967E-08 0.333E-08 
  341    0 0.100E-07 0.333E-08 
  342    0 0.000E+00 0.367E-08 
  343    0 0.333E-09 0.367E-08 
  344    0 0.667E-09 0.367E-08 
  345    0 0.100E-08 0.367E-08 
  346    0 0.133E-08 0.367E-08 
  347    0 0.167E-08 0.367E-08 
  348    0 0.200E-08 0.367E-08 
  349    0 0.233E-08 0.367E-08 
  350    0 0.267E-08 0.367E-08 
  351    0 0.300E-08 0.367E-08 
  352    0 0.333E-08 0.367E-08 
  353    0 0.367E-08 0.367E-08 
  354    0 0.400E-08 0.367E-08 
  355    0 0.433E-08 0.367E-08 
  356    0 0.467E-08 0.367E-08 
  357    0 0.500E-08 0.367E-08 
  358    0 0.533E-08 0.367E-08 
  359    0 0.567E-08 0.367E-08 
  360    0 0.600E-08 0.367E-08 
  361    0 0.633E-08 0.367E-08 
  362    0 0.667E-08 0.367E-08 
  363    0 0.700E-08 0.367E-08 
  364    0 0.733E-08 0.367E-08 
  365    0 0.767E-08 0.367E-08 
  366    0 0.800E-08 0.367E-08 
  367    0 0.833E-08 0.367E-08 
  368    0 0.867E-08 0.367E-08 
  369    0 0.900E-08 0.367E-08 
  370    0 0.933E-08 0.367E-08 
  371    0 0.967E-08 0.367E-08 
  372    0 0.100E-07 0.367E-08 
  373    0 0.000E+00 0.400E-08 
  374    0 0.333E-09 0.400E-08 
  375    0 0.667E-09 0.400E-08 
  376    0 0.100E-08 0.400E-08 
  377    0 0.133E-08 0.400E-08 
  378    0 0.167E-08 0.400E-08 
  379    0 0.200E-08 0.400E-08 
  380    0 0.233E-08 0.400E-08 
  381    0 0.267E-08 0.400E-08 
  382    0 0.300E-08 0.400E-08 
  383    0 0.333E-08 0.400E-08 
  384    0 0.367E-08 0.400E-08 
  385    0 0.400E-08 0.400E-08 
  386    0 0.433E-08 0.400E-08 
  387    0 0.467E-08 0.400E-08 
  388    0 0.500E-08 0.400E-08 
  389    0 0.533E-08 0.400E-08 
  390    0 0.567E-08 0.400E-08 
  391    0 0.600E-08 0.400E-08 
  392    0 0.633E-08 0.400E-08 
  393    0 0.667E-08 0.400E-08 
  394    0 0.700E-08 0.400E-08 
  395    0 0.733E-08 0.400E-08 
  396    0 0.767E-08 0.400E-08 
  397    0 0.800E-08 0.400E-08 
  398    0 0.833E-08 0.400E-08 
  399    0 0.867E-08 0.400E-08 
  400    0 0.900E-08 0.400E-08 
  401    0 0.933E-08 0.400E-08 
  402    0 0.967E-08 0.400E-08 
  403    0 0.100E-07 0.400E-08 
  404    0 0.000E+00 0.433E-08 
  405    0 0.333E-09 0.433E-08 
  406    0 0.667E-09 0.433E-08 
  407    0 0.100E-08 0.433E-08 
  408    0 0.133E-08 0.433E-08 
  409    0 0.167E-08 0.433E-08 
  410    0 0.200E-08 0.433E-08 
  411    0 0.233E-08 0.433E-08 
  412    0 0.267E-08 0.433E-08 
  413    0 0.300E-08 0.433E-08 
  414    0 0.333E-08 0.433E-08 
  415    0 0.367E-08 0.433E-08 
  416    0 0.400E-08 0.433E-08 
  417    0 0.433E-08 0.433E-08 
  418    0 0.467E-08 0.433E-08 
  419    0 0.500E-08 0.433E-08 
  420    0 0.533E-08 0.433E-08 
  421    0 0.567E-08 0.433E-08 
  422    0 0.600E-08 0.433E-08 
  423    0 0.633E-08 0.433E-08 
  424    0 0.667E-08 0.433E-08 
  425    0 0.700E-08 0.433E-08 
  426    0 0.733E-08 0.433E-08 
  427    0 0.767E-08 0.433E-08 
  428    0 0.800E-08 0.433E-08 
  429    0 0.833E-08 0.433E-08 
  430    0 0.867E-08 0.433E-08 
  431    0 0.900E-08 0.433E-08 
  432    0 0.933E-08 0.433E-08 
  433    0 0.967E-08 0.433E-08 
  434    0 0.100E-07 0.433E-08 
  435    0 0.000E+00 0.467E-08 
  436    0 0.333E-09 0.467E-08 
  437    0 0.667E-09 0.467E-08 
  438    0 0.100E-08 0.467E-08 
  439    0 0.133E-08 0.467E-08 
  440    0 0.167E-08 0.467E-08 
  441    0 0.200E-08 0.467E-08 
  442    0 0.233E-08 0.467E-08 
  443    0 0.267E-08 0.467E-08 
  444    0 0.300E-08 0.467E-08 
  445    0 0.333E-08 0.467E-08 
  446    0 0.367E-08 0.467E-08 
  447    0 0.400E-08 0.467E-08 
  448    0 0.433E-08 0.467E-08 
  449    0 0.467E-08 0.467E-08 
  450    0 0.500E-08 0.467E-08 
  451    0 0.533E-08 0.467E-08 
  452    0 0.567E-08 0.467E-08 
  453    0 0.600E-08 0.467E-08 
  454    0 0.633E-08 0.467E-08 
  455    0 0.667E-08 0.467E-08 
  456    0 0.700E-08 0.467E-08 
  457    0 0.733E-08 0.467E-08 
  458    0 0.767E-08 0.467E-08 
  459    0 0.800E-08 0.467E-08 
  460    0 0.833E-08 0.467E-08 
  461    0 0.867E-08 0.467E-08 
  462    0 0.900E-08 0.467E-08 
  463    0 0.933E-08 0.467E-08 
  464    0 0.967E-08 0.467E-08 
  465    0 0.100E-07 0.467E-08 
  466    0 0.000E+00 0.500E-08 
  467    0 0.333E-09 0.500E-08 
  468    0 0.667E-09 0.500E-08 
  469    0 0.100E-08 0.500E-08 
  470    0 0.133E-08 0.500E-08 
  471    0 0.167E-08 0.500E-08 
  472    0 0.200E-08 0.500E-08 
  473    0 0.233E-08 0.500E-08 
  474    0 0.267E-08 0.500E-08 
  475    0 0.300E-08 0.500E-08 
  476    0 0.333E-08 0.500E-08 
  477    0 0.367E-08 0.500E-08 
  478    0 0.400E-08 0.500E-08 
  479    0 0.433E-08 0.500E-08 
  480    0 0.467E-08 0.500E-08 
  481    0 0.500E-08 0.500E-08 
  482    0 0.533E-08 0.500E-08 
  483    0 0.567E-08 0.500E-08 
  484    0 0.600E-08 0.500E-08 
  485    0 0.633E-08 0.500E-08 
  486    0 0.667E-08 0.500E-08 
  487    0 0.700E-08 0.500E-08 
  488    0 0.733E-08 0.500E-08 
  489    0 0.767E-08 0.500E-08 
  490    0 0.800E-08 0.500E-08 
  491    0 0.833E-08 0.500E-08 
  492    0 0.867E-08 0.500E-08 
  493    0 0.900E-08 0.500E-08 
  494    0 0.933E-08 0.500E-08 
  495    0 0.967E-08 0.500E-08 
  496    0 0.100E-07 0.500E-08 
  497    0 0.000E+00 0.533E-08 
  498    0 0.333E-09 0.533E-08 
  499    0 0.667E-09 0.533E-08 
  500    0 0.100E-08 0.533E-08 
  501    0 0.133E-08 0.533E-08 
  502    0 0.167E-08 0.533E-08 
  503    0 0.200E-08 0.533E-08 
  504    0 0.233E-08 0.533E-08 
  505    0 0.267E-08 0.533E-08 
  506    0 0.300E-08 0.533E-08 
  507    0 0.333E-08 0.533E-08 
  508    0 0.367E-08 0.533E-08 
  509    0 0.400E-08 0.533E-08 
  510    0 0.433E-08 0.533E-08 
  511    0 0.467E-08 0.533E-08 
  512    0 0.500E-08 0.533E-08 
  513    0 0.533E-08 0.533E-08 
  514    0 0.567E-08 0.533E-08 
  515    0 0.600E-08 0.533E-08 
  516    0 0.633E-08 0.533E-08 
  517    0 0.667E-08 0.533E-08 
  518    0 0.700E-08 0.533E-08 
  519    0 0.733E-08 0.533E-08 
  520    0 0.767E-08 0.533E-08 
  521    0 0.800E-08 0.533E-08 
  522    0 0.833E-08 0.533E-08 
  523    0 0.867E-08 0.533E-08 
  524    0 0.900E-08 0.533E-08 
  525    0 0.933E-08 0.533E-08 
  526    0 0.967E-08 0.533E-08 
  527    0 0.100E-07 0.533E-08 
  528    0 0.000E+00 0.567E-08 
  529    0 0.333E-09 0.567E-08 
  530    0 0.667E-09 0.567E-08 
  531    0 0.100E-08 0.567E-08 
  532    0 0.133E-08 0.567E-08 
  533    0 0.167E-08 0.567E-08 
  534    0 0.200E-08 0.567E-08 
  535    0 0.233E-08 0.567E-08 
  536    0 0.267E-08 0.567E-08 
  537    0 0.300E-08 0.567E-08 
  538    0 0.333E-08 0.567E-08 
  539    0 0.367E-08 0.567E-08 
  540    0 0.400E-08 0.567E-08 
  541    0 0.433E-08 0.567E-08 
  542    0 0.467E-08 0.567E-08 
  543    0 0.500E-08 0.567E-08 
  544    0 0.533E-08 0.567E-08 
  545    0 0.567E-08 0.567E-08 
  546    0 0.600E-08 0.567E-08 
  547    0 0.633E-08 0.567E-08 
  548    0 0.667E-08 0.567E-08 
  549    0 0.700E-08 0.567E-08 
  550    0 0.733E-08 0.567E-08 
  551    0 0.767E-08 0.567E-08 
  552    0 0.800E-08 0.567E-08 
  553    0 0.833E-08 0.567E-08 
  554    0 0.867E-08 0.567E-08 
  555    0 0.900E-08 0.567E-08 
  556    0 0.933E-08 0.567E-08 
  557    0 0.967E-08 0.567E-08 
  558    0 0.100E-07 0.567E-08 
  559    0 0.000E+00 0.600E-08 
  560    0 0.333E-09 0.600E-08 
  561    0 0.667E-09 0.600E-08 
  562    0 0.100E-08 0.600E-08 
  563    0 0.133E-08 0.600E-08 
  564    0 0.167E-08 0.600E-08 
  565    0 0.200E-08 0.600E-08 
  566    0 0.233E-08 0.600E-08 
  567    0 0.267E-08 0.600E-08 
  568    0 0.300E-08 0.600E-08 
  569    0 0.333E-08 0.600E-08 
  570    0 0.367E-08 0.600E-08 
  571    0 0.400E-08 0.600E-08 
  572    0 0.433E-08 0.600E-08 
  573    0 0.467E-08 0.600E-08 
  574    0 0.500E-08 0.600E-08 
  575    0 0.533E-08 0.600E-08 
  576    0 0.567E-08 0.600E-08 
  577    0 0.600E-08 0.600E-08 
  578    0 0.633E-08 0.600E-08 
  579    0 0.667E-08 0.600E-08 
  580    0 0.700E-08 0.600E-08 
  581    0 0.733E-08 0.600E-08 
  582    0 0.767E-08 0.600E-08 
  583    0 0.800E-08 0.600E-08 
  584    0 0.833E-08 0.600E-08 
  585    0 0.867E-08 0.600E-08 
  586    0 0.900E-08 0.600E-08 
  587    0 0.933E-08 0.600E-08 
  588    0 0.967E-08 0.600E-08 
  589    0 0.100E-07 0.600E-08 
  590    0 0.000E+00 0.633E-08 
  591    0 0.333E-09 0.633E-08 
  592    0 0.667E-09 0.633E-08 
  593    0 0.100E-08 0.633E-08 
  594    0 0.133E-08 0.633E-08 
  595    0 0.167E-08 0.633E-08 
  596    0 0.200E-08 0.633E-08 
  597    0 0.233E-08 0.633E-08 
  598    0 0.267E-08 0.633E-08 
  599    0 0.300E-08 0.633E-08 
  600    0 0.333E-08 0.633E-08 
  601    0 0.367E-08 0.633E-08 
  602    0 0.400E-08 0.633E-08 
  603    0 0.433E-08 0.633E-08 
  604    0 0.467E-08 0.633E-08 
  605    0 0.500E-08 0.633E-08 
  606    0 0.533E-08 0.633E-08 
  607    0 0.567E-08 0.633E-08 
  608    0 0.600E-08 0.633E-08 
  609    0 0.633E-08 0.633E-08 
  610    0 0.667E-08 0.633E-08 
  611    0 0.700E-08 0.633E-08 
  612    0 0.733E-08 0.633E-08 
  613    0 0.767E-08 0.633E-08 
  614    0 0.800E-08 0.633E-08 
  615    0 0.833E-08 0.633E-08 
  616    0 0.867E-08 0.633E-08 
  617    0 0.900E-08 0.633E-08 
  618    0 0.933E-08 0.633E-08 
  619    0 0.967E-08 0.633E-08 
  620    0 0.100E-07 0.633E-08 
  621    0 0.000E+00 0.667E-08 
  622    0 0.333E-09 0.667E-08 
  623    0 0.667E-09 0.667E-08 
  624    0 0.100E-08 0.667E-08 
  625    0 0.133E-08 0.667E-08 
  626    0 0.167E-08 0.667E-08 
  627    0 0.200E-08 0.667E-08 
  628    0 0.233E-08 0.667E-08 
  629    0 0.267E-08 0.667E-08 
  630    0 0.300E-08 0.667E-08 
  631    0 0.333E-08 0.667E-08 
  632    0 0.367E-08 0.667E-08 
  633    0 0.400E-08 0.667E-08 
  634    0 0.433E-08 0.667E-08 
  635    0 0.467E-08 0.667E-08 
  636    0 0.500E-08 0.667E-08 
  637    0 0.533E-08 0.667E-08 
  638    0 0.567E-08 0.667E-08 
  639    0 0.600E-08 0.667E-08 
  640    0 0.633E-08 0.667E-08 
  641    0 0.667E-08 0.667E-08 
  642    0 0.700E-08 0.667E-08 
  643    0 0.733E-08 0.667E-08 
  644    0 0.767E-08 0.667E-08 
  645    0 0.800E-08 0.667E-08 
  646    0 0.833E-08 0.667E-08 
  647    0 0.867E-08 0.667E-08 
  648    0 0.900E-08 0.667E-08 
  649    0 0.933E-08 0.667E-08 
  650    0 0.967E-08 0.667E-08 
  651    0 0.100E-07 0.667E-08 
  652    0 0.000E+00 0.700E-08 
  653    0 0.333E-09 0.700E-08 
  654    0 0.667E-09 0.700E-08 
  655    0 0.100E-08 0.700E-08 
  656    0 0.133E-08 0.700E-08 
  657    0 0.167E-08 0.700E-08 
  658    0 0.200E-08 0.700E-08 
  659    0 0.233E-08 0.700E-08 
  660    0 0.267E-08 0.700E-08 
  661    0 0.300E-08 0.700E-08 
  662    0 0.333E-08 0.700E-08 
  663    0 0.367E-08 0.700E-08 
  664    0 0.400E-08 0.700E-08 
  665    0 0.433E-08 0.700E-08 
  666    0 0.467E-08 0.700E-08 
  667    0 0.500E-08 0.700E-08 
  668    0 0.533E-08 0.700E-08 
  669    0 0.567E-08 0.700E-08 
  670    0 0.600E-08 0.700E-08 
  671    0 0.633E-08 0.700E-08 
  672    0 0.667E-08 0.700E-08 
  673    0 0.700E-08 0.700E-08 
  674    0 0.733E-08 0.700E-08 
  675    0 0.767E-08 0.700E-08 
  676    0 0.800E-08 0.700E-08 
  677    0 0.833E-08 0.700E-08 
  678    0 0.867E-08 0.700E-08 
  679    0 0.900E-08 0.700E-08 
  680    0 0.933E-08 0.700E-08 
  681    0 0.967E-08 0.700E-08 
  682    0 0.100E-07 0.700E-08 
  683    0 0.000E+00 0.733E-08 
  684    0 0.333E-09 0.733E-08 
  685    0 0.667E-09 0.733E-08 
  686    0 0.100E-08 0.733E-08 
  687    0 0.133E-08 0.733E-08 
  688    0 0.167E-08 0.733E-08 
  689    0 0.200E-08 0.733E-08 
  690    0 0.233E-08 0.733E-08 
  691    0 0.267E-08 0.733E-08 
  692    0 0.300E-08 0.733E-08 
  693    0 0.333E-08 0.733E-08 
  694    0 0.367E-08 0.733E-08 
  695    0 0.400E-08 0.733E-08 
  696    0 0.433E-08 0.733E-08 
  697    0 0.467E-08 0.733E-08 
  698    0 0.500E-08 0.733E-08 
  699    0 0.533E-08 0.733E-08 
  700    0 0.567E-08 0.733E-08 
  701    0 0.600E-08 0.733E-08 
  702    0 0.633E-08 0.733E-08 
  703    0 0.667E-08 0.733E-08 
  704    0 0.700E-08 0.733E-08 
  705    0 0.733E-08 0.733E-08 
  706    0 0.767E-08 0.733E-08 
  707    0 0.800E-08 0.733E-08 
  708    0 0.833E-08 0.733E-08 
  709    0 0.867E-08 0.733E-08 
  710    0 0.900E-08 0.733E-08 
  711    0 0.933E-08 0.733E-08 
  712    0 0.967E-08 0.733E-08 
  713    0 0.100E-07 0.733E-08 
  714    0 0.000E+00 0.767E-08 
  715    0 0.333E-09 0.767E-08 
  716    0 0.667E-09 0.767E-08 
  717    0 0.100E-08 0.767E-08 
  718    0 0.133E-08 0.767E-08 
  719    0 0.167E-08 0.767E-08 
  720    0 0.200E-08 0.767E-08 
  721    0 0.233E-08 0.767E-08 
  722    0 0.267E-08 0.767E-08 
  723    0 0.300E-08 0.767E-08 
  724    0 0.333E-08 0.767E-08 
  725    0 0.367E-08 0.767E-08 
  726    0 0.400E-08 0.767E-08 
  727    0 0.433E-08 0.767E-08 
  728    0 0.467E-08 0.767E-08 
  729    0 0.500E-08 0.767E-08 
  730    0 0.533E-08 0.767E-08 
  731    0 0.567E-08 0.767E-08 
  732    0 0.600E-08 0.767E-08 
  733    0 0.633E-08 0.767E-08 
  734    0 0.667E-08 0.767E-08 
  735    0 0.700E-08 0.767E-08 
  736    0 0.733E-08 0.767E-08 
  737    0 0.767E-08 0.767E-08 
  738    0 0.800E-08 0.767E-08 
  739    0 0.833E-08 0.767E-08 
  740    0 0.867E-08 0.767E-08 
  741    0 0.900E-08 0.767E-08 
  742    0 0.933E-08 0.767E-08 
  743    0 0.967E-08 0.767E-08 
  744    0 0.100E-07 0.767E-08 
  745    0 0.000E+00 0.800E-08 
  746    0 0.333E-09 0.800E-08 
  747    0 0.667E-09 0.800E-08 
  748    0 0.100E-08 0.800E-08 
  749    0 0.133E-08 0.800E-08 
  750    0 0.167E-08 0.800E-08 
  751    0 0.200E-08 0.800E-08 
  752    0 0.233E-08 0.800E-08 
  753    0 0.267E-08 0.800E-08 
  754    0 0.300E-08 0.800E-08 
  755    0 0.333E-08 0.800E-08 
  756    0 0.367E-08 0.800E-08 
  757    0 0.400E-08 0.800E-08 
  758    0 0.433E-08 0.800E-08 
  759    0 0.467E-08 0.800E-08 
  760    0 0.500E-08 0.800E-08 
  761    0 0.533E-08 0.800E-08 
  762    0 0.567E-08 0.800E-08 
  763    0 0.600E-08 0.800E-08 
  764    0 0.633E-08 0.800E-08 
  765    0 0.667E-08 0.800E-08 
  766    0 0.700E-08 0.800E-08 
  767    0 0.733E-08 0.800E-08 
  768    0 0.767E-08 0.800E-08 
  769    0 0.800E-08 0.800E-08 
  770    0 0.833E-08 0.800E-08 
  771    0 0.867E-08 0.800E-08 
  772    0 0.900E-08 0.800E-08 
  773    0 0.933E-08 0.800E-08 
  774    0 0.967E-08 0.800E-08 
  775    0 0.100E-07 0.800E-08 
  776    0 0.000E+00 0.833E-08 
  777    0 0.333E-09 0.833E-08 
  778    0 0.667E-09 0.833E-08 
  779    0 0.100E-08 0.833E-08 
  780    0 0.133E-08 0.833E-08 
  781    0 0.167E-08 0.833E-08 
  782    0 0.200E-08 0.833E-08 
  783    0 0.233E-08 0.833E-08 
  784    0 0.267E-08 0.833E-08 
  785    0 0.300E-08 0.833E-08 
  786    0 0.333E-08 0.833E-08 
  787    0 0.367E-08 0.833E-08 
  788    0 0.400E-08 0.833E-08 
  789    0 0.433E-08 0.833E-08 
  790    0 0.467E-08 0.833E-08 
  791    0 0.500E-08 0.833E-08 
  792    0 0.533E-08 0.833E-08 
  793    0 0.567E-08 0.833E-08 
  794    0 0.600E-08 0.833E-08 
  795    0 0.633E-08 0.833E-08 
  796    0 0.667E-08 0.833E-08 
  797    0 0.700E-08 0.833E-08 
  798    0 0.733E-08 0.833E-08 
  799    0 0.767E-08 0.833E-08 
  800    0 0.800E-08 0.833E-08 
  801    0 0.833E-08 0.833E-08 
  802    0 0.867E-08 0.833E-08 
  803    0 0.900E-08 0.833E-08 
  804    0 0.933E-08 0.833E-08 
  805    0 0.967E-08 0.833E-08 
  806    0 0.100E-07 0.833E-08 
  807    0 0.000E+00 0.867E-08 
  808    0 0.333E-09 0.867E-08 
  809    0 0.667E-09 0.867E-08 
  810    0 0.100E-08 0.867E-08 
  811    0 0.133E-08 0.867E-08 
  812    0 0.167E-08 0.867E-08 
  813    0 0.200E-08 0.867E-08 
  814    0 0.233E-08 0.867E-08 
  815    0 0.267E-08 0.867E-08 
  816    0 0.300E-08 0.867E-08 
  817    0 0.333E-08 0.867E-08 
  818    0 0.367E-08 0.867E-08 
  819    0 0.400E-08 0.867E-08 
  820    0 0.433E-08 0.867E-08 
  821    0 0.467E-08 0.867E-08 
  822    0 0.500E-08 0.867E-08 
  823    0 0.533E-08 0.867E-08 
  824    0 0.567E-08 0.867E-08 
  825    0 0.600E-08 0.867E-08 
  826    0 0.633E-08 0.867E-08 
  827    0 0.667E-08 0.867E-08 
  828    0 0.700E-08 0.867E-08 
  829    0 0.733E-08 0.867E-08 
  830    0 0.767E-08 0.867E-08 
  831    0 0.800E-08 0.867E-08 
  832    0 0.833E-08 0.867E-08 
  833    0 0.867E-08 0.867E-08 
  834    0 0.900E-08 0.867E-08 
  835    0 0.933E-08 0.867E-08 
  836    0 0.967E-08 0.867E-08 
  837    0 0.100E-07 0.867E-08 
  838    0 0.000E+00 0.900E-08 
  839    0 0.333E-09 0.900E-08 
  840    0 0.667E-09 0.900E-08 
  841    0 0.100E-08 0.900E-08 
  842    0 0.133E-08 0.900E-08 
  843    0 0.167E-08 0.900E-08 
  844    0 0.200E-08 0.900E-08 
  845    0 0.233E-08 0.900E-08 
  846    0 0.267E-08 0.900E-08 
  847    0 0.300E-08 0.900E-08 
  848    0 0.333E-08 0.900E-08 
  849    0 0.367E-08 0.900E-08 
  850    0 0.400E-08 0.900E-08 
  851    0 0.433E-08 0.900E-08 
  852    0 0.467E-08 0.900E-08 
  853    0 0.500E-08 0.900E-08 
  854    0 0.533E-08 0.900E-08 
  855    0 0.567E-08 0.900E-08 
  856    0 0.600E-08 0.900E-08 
  857    0 0.633E-08 0.900E-08 
  858    0 0.667E-08 0.900E-08 
  859    0 0.700E-08 0.900E-08 
  860    0 0.733E-08 0.900E-08 
  861    0 0.767E-08 0.900E-08 
  862    0 0.800E-08 0.900E-08
  863    0 0.833E-08 0.900E-08
  864    0 0.867E-08 0.900E-08
  865    0 0.900E-08 0.900E-08
  866    0 0.933E-08 0.900E-08
  867    0 0.967E-08 0.900E-08
  868    0 0.100E-07 0.900E-08
  869    0 0.000E+00 0.933E-08
  870    0 0.333E-09 0.933E-08
  871    0 0.667E-09 0.933E-08
  872    0 0.100E-08 0.933E-08
  873    0 0.133E-08 0.933E-08
  874    0 0.167E-08 0.933E-08
  875    0 0.200E-08 0.933E-08
  876    0 0.233E-08 0.933E-08
  877    0 0.267E-08 0.933E-08
  878    0 0.300E-08 0.933E-08
  879    0 0.333E-08 0.933E-08
  880    0 0.367E-08 0.933E-08
  881    0 0.400E-08 0.933E-08
  882    0 0.433E-08 0.933E-08
  883    0 0.467E-08 0.933E-08
  884    0 0.500E-08 0.933E-08
  885    0 0.533E-08 0.933E-08
  886    0 0.567E-08 0.933E-08
  887    0 0.600E-08 0.933E-08
  888    0 0.633E-08 0.933E-08
  889    0 0.667E-08 0.933E-08
  890    0 0.700E-08 0.933E-08
  891    0 0.733E-08 0.933E-08
  892    0 0.767E-08 0.933E-08
  893    0 0.800E-08 0.933E-08
  894    0 0.833E-08 0.933E-08
  895    0 0.867E-08 0.933E-08
  896    0 0.900E-08 0.933E-08
  897    0 0.933E-08 0.933E-08
  898    0 0.967E-08 0.933E-08
  899    0 0.100E-07 0.933E-08
  900    0 0.000E+00 0.967E-08
  901    0 0.333E-09 0.967E-08
  902    0 0.667E-09 0.967E-08
  903    0 0.100E-08 0.967E-08
  904    0 0.133E-08 0.967E-08
  905    0 0.167E-08 0.967E-08
  906    0 0.200E-08 0.967E-08
  907    0 0.233E-08 0.967E-08
  908    0 0.267E-08 0.967E-08
  909    0 0.300E-08 0.967E-08
  910    0 0.333E-08 0.967E-08
  911    0 0.367E-08 0.967E-08
  912    0 0.400E-08 0.967E-08
  913    0 0.433E-08 0.967E-08
  914    0 0.467E-08 0.967E-08
  915    0 0.500E-08 0.967E-08
  916    0 0.533E-08 0.967E-08
  917    0 0.567E-08 0.967E-08
  918    0 0.600E-08 0.967E-08
  919    0 0.633E-08 0.967E-08
  920    0 0.667E-08 0.967E-08
  921    0 0.700E-08 0.967E-08
  922    0 0.733E-08 0.967E-08
  923    0 0.767E-08 0.967E-08
  924    0 0.800E-08 0.967E-08
  925    0 0.833E-08 0.967E-08
  926    0 0.867E-08 0.967E-08
  927    0 0.900E-08 0.967E-08
  928    0 0.933E-08 0.967E-08
  929    0 0.967E-08 0.967E-08
  930    0 0.100E-07 0.967E-08
  931    0 0.000E+00 0.100E-07
  932    0 0.333E-09 0.100E-07
  933    0 0.667E-09 0.100E-07
  934    0 0.100E-08 0.100E-07
  935    0 0.133E-08 0.100E-07
  936    0 0.167E-08 0.100E-07
  937    0 0.200E-08 0.100E-07
  938    0 0.233E-08 0.100E-07
  939    0 0.267E-08 0.100E-07
  940    0 0.300E-08 0.100E-07
  941    0 0.333E-08 0.100E-07
  942    0 0.367E-08 0.100E-07
  943    0 0.400E-08 0.100E-07
  944    0 0.433E-08 0.100E-07
  945    0 0.467E-08 0.100E-07
  946    0 0.500E-08 0.100E-07
  947    0 0.533E-08 0.100E-07
  948    0 0.567E-08 0.100E-07
  949    0 0.600E-08 0.100E-07
  950    0 0.633E-08 0.100E-07
  951    0 0.667E-08 0.100E-07
  952    0 0.700E-08 0.100E-07
  953    0 0.733E-08 0.100E-07
  954    0 0.767E-08 0.100E-07
  955    0 0.800E-08 0.100E-07
  956    0 0.833E-08 0.100E-07
  957    0 0.867E-08 0.100E-07
  958    0 0.900E-08 0.100E-07
  959    0 0.933E-08 0.100E-07
  960    0 0.967E-08 0.100E-07
  961    0 0.100E-07 0.100E-07
  962    0 0.000E+00 0.103E-07
  963    0 0.333E-09 0.103E-07
  964    0 0.667E-09 0.103E-07
  965    0 0.100E-08 0.103E-07
  966    0 0.133E-08 0.103E-07
  967    0 0.167E-08 0.103E-07
  968    0 0.200E-08 0.103E-07
  969    0 0.233E-08 0.103E-07
  970    0 0.267E-08 0.103E-07
  971    0 0.300E-08 0.103E-07
  972    0 0.333E-08 0.103E-07
  973    0 0.367E-08 0.103E-07
  974    0 0.400E-08 0.103E-07
  975    0 0.433E-08 0.103E-07
  976    0 0.467E-08 0.103E-07
  977    0 0.500E-08 0.103E-07
  978    0 0.533E-08 0.103E-07
  979    0 0.567E-08 0.103E-07
  980    0 0.600E-08 0.103E-07
  981    0 0.633E-08 0.103E-07
  982    0 0.667E-08 0.103E-07
  983    0 0.700E-08 0.103E-07
  984    0 0.733E-08 0.103E-07
  985    0 0.767E-08 0.103E-07
  986    0 0.800E-08 0.103E-07
  987    0 0.833E-08 0.103E-07
  988    0 0.867E-08 0.103E-07
  989    0 0.900E-08 0.103E-07
  990    0 0.933E-08 0.103E-07
  991    0 0.967E-08 0.103E-07
  992    0 0.100E-07 0.103E-07
  993    0 0.000E+00 0.107E-07
  994    0 0.333E-09 0.107E-07
  995    0 0.667E-09 0.107E-07
  996    0 0.100E-08 0.107E-07
  997    0 0.133E-08 0.107E-07
  998    0 0.167E-08 0.107E-07
  999    0 0.200E-08 0.107E-07
 1000    0 0.233E-08 0.107E-07
 1001    0 0.267E-08 0.107E-07
 1002    0 0.300E-08 0.107E-07
 1003    0 0.333E-08 0.107E-07
 1004    0 0.367E-08 0.107E-07
 1005    0 0.400E-08 0.107E-07
 1006    0 0.433E-08 0.107E-07
 1007    0 0.467E-08 0.107E-07
 1008    0 0.500E-08 0.107E-07
 1009    0 0.533E-08 0.107E-07
 1010    0 0.567E-08 0.107E-07
 1011    0 0.600E-08 0.107E-07
 1012    0 0.633E-08 0.107E-07
 1013    0 0.667E-08 0.107E-07
 1014    0 0.700E-08 0.107E-07
 1015    0 0.733E-08 0.107E-07
 1016    0 0.767E-08 0.107E-07
 1017    0 0.800E-08 0.107E-07
 1018    0 0.833E-08 0.107E-07
 1019    0 0.867E-08 0.107E-07
 1020    0 0.900E-08 0.107E-07
 1021    0 0.933E-08 0.107E-07
 1022    0 0.967E-08 0.107E-07
 1023    0 0.100E-07 0.107E-07
 1024    0 0.000E+00 0.110E-07
 1025    0 0.333E-09 0.110E-07
 1026    0 0.667E-09 0.110E-07
 1027    0 0.100E-08 0.110E-07
 1028    0 0.133E-08 0.110E-07
 1029    0 0.167E-08 0.110E-07
 1030    0 0.200E-08 0.110E-07
 1031    0 0.233E-08 0.110E-07
 1032    0 0.267E-08 0.110E-07
 1033    0 0.300E-08 0.110E-07
 1034    0 0.333E-08 0.110E-07
 1035    0 0.367E-08 0.110E-07
 1036    0 0.400E-08 0.110E-07
 1037    0 0.433E-08 0.110E-07
 1038    0 0.467E-08 0.110E-07
 1039    0 0.500E-08 0.110E-07
 1040    0 0.533E-08 0.110E-07
 1041    0 0.567E-08 0.110E-07
 1042    0 0.600E-08 0.110E-07
 1043    0 0.633E-08 0.110E-07
 1044    0 0.667E-08 0.110E-07
 1045    0 0.700E-08 0.110E-07
 1046    0 0.733E-08 0.110E-07
 1047    0 0.767E-08 0.110E-07
 1048    0 0.800E-08 0.110E-07
 1049    0 0.833E-08 0.110E-07
 1050    0 0.867E-08 0.110E-07
 1051    0 0.900E-08 0.110E-07
 1052    0 0.933E-08 0.110E-07
 1053    0 0.967E-08 0.110E-07
 1054    0 0.100E-07 0.110E-07
 1055    0 0.000E+00 0.113E-07
 1056    0 0.333E-09 0.113E-07
 1057    0 0.667E-09 0.113E-07
 1058    0 0.100E-08 0.113E-07
 1059    0 0.133E-08 0.113E-07
 1060    0 0.167E-08 0.113E-07
 1061    0 0.200E-08 0.113E-07
 1062    0 0.233E-08 0.113E-07
 1063    0 0.267E-08 0.113E-07
 1064    0 0.300E-08 0.113E-07
 1065    0 0.333E-08 0.113E-07
 1066    0 0.367E-08 0.113E-07
 1067    0 0.400E-08 0.113E-07
 1068    0 0.433E-08 0.113E-07
 1069    0 0.467E-08 0.113E-07
 1070    0 0.500E-08 0.113E-07
 1071    0 0.533E-08 0.113E-07
 1072    0 0.567E-08 0.113E-07
 1073    0 0.600E-08 0.113E-07
 1074    0 0.633E-08 0.113E-07
 1075    0 0.667E-08 0.113E-07
 1076    0 0.700E-08 0.113E-07
 1077    0 0.733E-08 0.113E-07
 1078    0 0.767E-08 0.113E-07
 1079    0 0.800E-08 0.113E-07
 1080    0 0.833E-08 0.113E-07
 1081    0 0.867E-08 0.113E-07
 1082    0 0.900E-08 0.113E-07
 1083    0 0.933E-08 0.113E-07
 1084    0 0.967E-08 0.113E-07
 1085    0 0.100E-07 0.113E-07
 1086    0 0.000E+00 0.117E-07
 1087    0 0.333E-09 0.117E-07
 1088    0 0.667E-09 0.117E-07
 1089    0 0.100E-08 0.117E-07
 1090    0 0.133E-08 0.117E-07
 1091    0 0.167E-08 0.117E-07
 1092    0 0.200E-08 0.117E-07
 1093    0 0.233E-08 0.117E-07
 1094    0 0.267E-08 0.117E-07
 1095    0 0.300E-08 0.117E-07
 1096    0 0.333E-08 0.117E-07
 1097    0 0.367E-08 0.117E-07
 1098    0 0.400E-08 0.117E-07
 1099    0 0.433E-08 0.117E-07
 1100    0 0.467E-08 0.117E-07
 1101    0 0.500E-08 0.117E-07
 1102    0 0.533E-08 0.117E-07
 1103    0 0.567E-08 0.117E-07
 1104    0 0.600E-08 0.117E-07
 1105    0 0.633E-08 0.117E-07
 1106    0 0.667E-08 0.117E-07
 1107    0 0.700E-08 0.117E-07
 1108    0 0.733E-08 0.117E-07
 1109    0 0.767E-08 0.117E-07
 1110    0 0.800E-08 0.117E-07
 1111    0 0.833E-08 0.117E-07
 1112    0 0.867E-08 0.117E-07
 1113    0 0.900E-08 0.117E-07
 1114    0 0.933E-08 0.117E-07
 1115    0 0.967E-08 0.117E-07
 1116    0 0.100E-07 0.117E-07
 1117    0 0.000E+00 0.120E-07
 1118    0 0.333E-09 0.120E-07
 1119    0 0.667E-09 0.120E-07
 1120    0 0.100E-08 0.120E-07
 1121    0 0.133E-08 0.120E-07
 1122    0 0.167E-08 0.120E-07
 1123    0 0.200E-08 0.120E-07
 1124    0 0.233E-08 0.120E-07
 1125    0 0.267E-08 0.120E-07
 1126    0 0.300E-08 0.120E-07
 1127    0 0.333E-08 0.120E-07
 1128    0 0.367E-08 0.120E-07
 1129    0 0.400E-08 0.120E-07
 1130    0 0.433E-08 0.120E-07
 1131    0 0.467E-08 0.120E-07
 1132    0 0.500E-08 0.120E-07
 1133    0 0.533E-08 0.120E-07
 1134    0 0.567E-08 0.120E-07
 1135    0 0.600E-08 0.120E-07
 1136    0 0.633E-08 0.120E-07
 1137    0 0.667E-08 0.120E-07
 1138    0 0.700E-08 0.120E-07
 1139    0 0.733E-08 0.120E-07
 1140    0 0.767E-08 0.120E-07
 1141    0 0.800E-08 0.120E-07
 1142    0 0.833E-08 0.120E-07
 1143    0 0.867E-08 0.120E-07
 1144    0 0.900E-08 0.120E-07
 1145    0 0.933E-08 0.120E-07
 1146    0 0.967E-08 0.120E-07
 1147    0 0.100E-07 0.120E-07
 1148    0 0.000E+00 0.123E-07
 1149    0 0.333E-09 0.123E-07
 1150    0 0.667E-09 0.123E-07
 1151    0 0.100E-08 0.123E-07
 1152    0 0.133E-08 0.123E-07
 1153    0 0.167E-08 0.123E-07
 1154    0 0.200E-08 0.123E-07
 1155    0 0.233E-08 0.123E-07
 1156    0 0.267E-08 0.123E-07
 1157    0 0.300E-08 0.123E-07
 1158    0 0.333E-08 0.123E-07
 1159    0 0.367E-08 0.123E-07
 1160    0 0.400E-08 0.123E-07
 1161    0 0.433E-08 0.123E-07
 1162    0 0.467E-08 0.123E-07
 1163    0 0.500E-08 0.123E-07
 1164    0 0.533E-08 0.123E-07
 1165    0 0.567E-08 0.123E-07
 1166    0 0.600E-08 0.123E-07
 1167    0 0.633E-08 0.123E-07
 1168    0 0.667E-08 0.123E-07
 1169    0 0.700E-08 0.123E-07
 1170    0 0.733E-08 0.123E-07
 1171    0 0.767E-08 0.123E-07
 1172    0 0.800E-08 0.123E-07
 1173    0 0.833E-08 0.123E-07
 1174    0 0.867E-08 0.123E-07
 1175    0 0.900E-08 0.123E-07
 1176    0 0.933E-08 0.123E-07
 1177    0 0.967E-08 0.123E-07
 1178    0 0.100E-07 0.123E-07
 1179    0 0.000E+00 0.127E-07
 1180    0 0.333E-09 0.127E-07
 1181    0 0.667E-09 0.127E-07
 1182    0 0.100E-08 0.127E-07
 1183    0 0.133E-08 0.127E-07
 1184    0 0.167E-08 0.127E-07
 1185    0 0.200E-08 0.127E-07
 1186    0 0.233E-08 0.127E-07
 1187    0 0.267E-08 0.127E-07
 1188    0 0.300E-08 0.127E-07
 1189    0 0.333E-08 0.127E-07
 1190    0 0.367E-08 0.127E-07
 1191    0 0.400E-08 0.127E-07
 1192    0 0.433E-08 0.127E-07
 1193    0 0.467E-08 0.127E-07
 1194    0 0.500E-08 0.127E-07
 1195    0 0.533E-08 0.127E-07
 1196    0 0.567E-08 0.127E-07
 1197    0 0.600E-08 0.127E-07
 1198    0 0.633E-08 0.127E-07
 1199    0 0.667E-08 0.127E-07
 1200    0 0.700E-08 0.127E-07
 1201    0 0.733E-08 0.127E-07
 1202    0 0.767E-08 0.127E-07
 1203    0 0.800E-08 0.127E-07
 1204    0 0.833E-08 0.127E-07
 1205    0 0.867E-08 0.127E-07
 1206    0 0.900E-08 0.127E-07
 1207    0 0.933E-08 0.127E-07
 1208    0 0.967E-08 0.127E-07
 1209    0 0.100E-07 0.127E-07
 1210    0 0.000E+00 0.130E-07
 1211    0 0.333E-09 0.130E-07
 1212    0 0.667E-09 0.130E-07
 1213    0 0.100E-08 0.130E-07
 1214    0 0.133E-08 0.130E-07
 1215    0 0.167E-08 0.130E-07
 1216    0 0.200E-08 0.130E-07
 1217    0 0.233E-08 0.130E-07
 1218    0 0.267E-08 0.130E-07
 1219    0 0.300E-08 0.130E-07
 1220    0 0.333E-08 0.130E-07
 1221    0 0.367E-08 0.130E-07
 1222    0 0.400E-08 0.130E-07
 1223    0 0.433E-08 0.130E-07
 1224    0 0.467E-08 0.130E-07
 1225    0 0.500E-08 0.130E-07
 1226    0 0.533E-08 0.130E-07
 1227    0 0.567E-08 0.130E-07
 1228    0 0.600E-08 0.130E-07
 1229    0 0.633E-08 0.130E-07
 1230    0 0.667E-08 0.130E-07
 1231    0 0.700E-08 0.130E-07
 1232    0 0.733E-08 0.130E-07
 1233    0 0.767E-08 0.130E-07
 1234    0 0.800E-08 0.130E-07
 1235    0 0.833E-08 0.130E-07
 1236    0 0.867E-08 0.130E-07
 1237    0 0.900E-08 0.130E-07
 1238    0 0.933E-08 0.130E-07
 1239    0 0.967E-08 0.130E-07
 1240    0 0.100E-07 0.130E-07
 1241    0 0.000E+00 0.133E-07
 1242    0 0.333E-09 0.133E-07
 1243    0 0.667E-09 0.133E-07
 1244    0 0.100E-08 0.133E-07
 1245    0 0.133E-08 0.133E-07
 1246    0 0.167E-08 0.133E-07
 1247    0 0.200E-08 0.133E-07
 1248    0 0.233E-08 0.133E-07
 1249    0 0.267E-08 0.133E-07
 1250    0 0.300E-08 0.133E-07
 1251    0 0.333E-08 0.133E-07
 1252    0 0.367E-08 0.133E-07
 1253    0 0.400E-08 0.133E-07
 1254    0 0.433E-08 0.133E-07
 1255    0 0.467E-08 0.133E-07
 1256    0 0.500E-08 0.133E-07
 1257    0 0.533E-08 0.133E-07
 1258    0 0.567E-08 0.133E-07
 1259    0 0.600E-08 0.133E-07
 1260    0 0.633E-08 0.133E-07
 1261    0 0.667E-08 0.133E-07
 1262    0 0.700E-08 0.133E-07
 1263    0 0.733E-08 0.133E-07
 1264    0 0.767E-08 0.133E-07
 1265    0 0.800E-08 0.133E-07
 1266    0 0.833E-08 0.133E-07
 1267    0 0.867E-08 0.133E-07
 1268    0 0.900E-08 0.133E-07
 1269    0 0.933E-08 0.133E-07
 1270    0 0.967E-08 0.133E-07
 1271    0 0.100E-07 0.133E-07
 1272    0 0.000E+00 0.137E-07
 1273    0 0.333E-09 0.137E-07
 1274    0 0.667E-09 0.137E-07
 1275    0 0.100E-08 0.137E-07
 1276    0 0.133E-08 0.137E-07
 1277    0 0.167E-08 0.137E-07
 1278    0 0.200E-08 0.137E-07
 1279    0 0.233E-08 0.137E-07
 1280    0 0.267E-08 0.137E-07
 1281    0 0.300E-08 0.137E-07
 1282    0 0.333E-08 0.137E-07
 1283    0 0.367E-08 0.137E-07
 1284    0 0.400E-08 0.137E-07
 1285    0 0.433E-08 0.137E-07
 1286    0 0.467E-08 0.137E-07
 1287    0 0.500E-08 0.137E-07
 1288    0 0.533E-08 0.137E-07
 1289    0 0.567E-08 0.137E-07
 1290    0 0.600E-08 0.137E-07
 1291    0 0.633E-08 0.137E-07
 1292    0 0.667E-08 0.137E-07
 1293    0 0.700E-08 0.137E-07
 1294    0 0.733E-08 0.137E-07
 1295    0 0.767E-08 0.137E-07
 1296    0 0.800E-08 0.137E-07
 1297    0 0.833E-08 0.137E-07
 1298    0 0.867E-08 0.137E-07
 1299    0 0.900E-08 0.137E-07
 1300    0 0.933E-08 0.137E-07
 1301    0 0.967E-08 0.137E-07
 1302    0 0.100E-07 0.137E-07
 1303    0 0.000E+00 0.140E-07
 1304    0 0.333E-09 0.140E-07
 1305    0 0.667E-09 0.140E-07
 1306    0 0.100E-08 0.140E-07
 1307    0 0.133E-08 0.140E-07
 1308    0 0.167E-08 0.140E-07
 1309    0 0.200E-08 0.140E-07
 1310    0 0.233E-08 0.140E-07
 1311    0 0.267E-08 0.140E-07
 1312    0 0.300E-08 0.140E-07
 1313    0 0.333E-08 0.140E-07
 1314    0 0.367E-08 0.140E-07
 1315    0 0.400E-08 0.140E-07
 1316    0 0.433E-08 0.140E-07
 1317    0 0.467E-08 0.140E-07
 1318    0 0.500E-08 0.140E-07
 1319    0 0.533E-08 0.140E-07
 1320    0 0.567E-08 0.140E-07
 1321    0 0.600E-08 0.140E-07
 1322    0 0.633E-08 0.140E-07
 1323    0 0.667E-08 0.140E-07
 1324    0 0.700E-08 0.140E-07
 1325    0 0.733E-08 0.140E-07
 1326    0 0.767E-08 0.140E-07
 1327    0 0.800E-08 0.140E-07
 1328    0 0.833E-08 0.140E-07
 1329    0 0.867E-08 0.140E-07
 1330    0 0.900E-08 0.140E-07
 1331    0 0.933E-08 0.140E-07
 1332    0 0.967E-08 0.140E-07
 1333    0 0.100E-07 0.140E-07
 1334    0 0.000E+00 0.143E-07
 1335    0 0.333E-09 0.143E-07
 1336    0 0.667E-09 0.143E-07
 1337    0 0.100E-08 0.143E-07
 1338    0 0.133E-08 0.143E-07
 1339    0 0.167E-08 0.143E-07
 1340    0 0.200E-08 0.143E-07
 1341    0 0.233E-08 0.143E-07
 1342    0 0.267E-08 0.143E-07
 1343    0 0.300E-08 0.143E-07
 1344    0 0.333E-08 0.143E-07
 1345    0 0.367E-08 0.143E-07
 1346    0 0.400E-08 0.143E-07
 1347    0 0.433E-08 0.143E-07
 1348    0 0.467E-08 0.143E-07
 1349    0 0.500E-08 0.143E-07
 1350    0 0.533E-08 0.143E-07
 1351    0 0.567E-08 0.143E-07
 1352    0 0.600E-08 0.143E-07
 1353    0 0.633E-08 0.143E-07
 1354    0 0.667E-08 0.143E-07
 1355    0 0.700E-08 0.143E-07
 1356    0 0.733E-08 0.143E-07
 1357    0 0.767E-08 0.143E-07
 1358    0 0.800E-08 0.143E-07
 1359    0 0.833E-08 0.143E-07
 1360    0 0.867E-08 0.143E-07
 1361    0 0.900E-08 0.143E-07
 1362    0 0.933E-08 0.143E-07
 1363    0 0.967E-08 0.143E-07
 1364    0 0.100E-07 0.143E-07
 1365    0 0.000E+00 0.147E-07
 1366    0 0.333E-09 0.147E-07
 1367    0 0.667E-09 0.147E-07
 1368    0 0.100E-08 0.147E-07
 1369    0 0.133E-08 0.147E-07
 1370    0 0.167E-08 0.147E-07
 1371    0 0.200E-08 0.147E-07
 1372    0 0.233E-08 0.147E-07
 1373    0 0.267E-08 0.147E-07
 1374    0 0.300E-08 0.147E-07
 1375    0 0.333E-08 0.147E-07
 1376    0 0.367E-08 0.147E-07
 1377    0 0.400E-08 0.147E-07
 1378    0 0.433E-08 0.147E-07
 1379    0 0.467E-08 0.147E-07
 1380    0 0.500E-08 0.147E-07
 1381    0 0.533E-08 0.147E-07
 1382    0 0.567E-08 0.147E-07
 1383    0 0.600E-08 0.147E-07
 1384    0 0.633E-08 0.147E-07
 1385    0 0.667E-08 0.147E-07
 1386    0 0.700E-08 0.147E-07
 1387    0 0.733E-08 0.147E-07
 1388    0 0.767E-08 0.147E-07
 1389    0 0.800E-08 0.147E-07
 1390    0 0.833E-08 0.147E-07
 1391    0 0.867E-08 0.147E-07
 1392    0 0.900E-08 0.147E-07
 1393    0 0.933E-08 0.147E-07
 1394    0 0.967E-08 0.147E-07
 1395    0 0.100E-07 0.147E-07
 1396    0 0.000E+00 0.150E-07
 1397    0 0.333E-09 0.150E-07
 1398    0 0.667E-09 0.150E-07
 1399    0 0.100E-08 0.150E-07
 1400    0 0.133E-08 0.150E-07
 1401    0 0.167E-08 0.150E-07
 1402    0 0.200E-08 0.150E-07
 1403    0 0.233E-08 0.150E-07
 1404    0 0.267E-08 0.150E-07
 1405    0 0.300E-08 0.150E-07
 1406    0 0.333E-08 0.150E-07
 1407    0 0.367E-08 0.150E-07
 1408    0 0.400E-08 0.150E-07
 1409    0 0.433E-08 0.150E-07
 1410    0 0.467E-08 0.150E-07
 1411    0 0.500E-08 0.150E-07
 1412    0 0.533E-08 0.150E-07
 1413    0 0.567E-08 0.150E-07
 1414    0 0.600E-08 0.150E-07
 1415    0 0.633E-08 0.150E-07
 1416    0 0.667E-08 0.150E-07
 1417    0 0.700E-08 0.150E-07
 1418    0 0.733E-08 0.150E-07
 1419    0 0.767E-08 0.150E-07
 1420    0 0.800E-08 0.150E-07
 1421    0 0.833E-08 0.150E-07
 1422    0 0.867E-08 0.150E-07
 1423    0 0.900E-08 0.150E-07
 1424    0 0.933E-08 0.150E-07
 1425    0 0.967E-08 0.150E-07
 1426    0 0.100E-07 0.150E-07
 1427    0 0.000E+00 0.153E-07
 1428    0 0.333E-09 0.153E-07
 1429    0 0.667E-09 0.153E-07
 1430    0 0.100E-08 0.153E-07
 1431    0 0.133E-08 0.153E-07
 1432    0 0.167E-08 0.153E-07
 1433    0 0.200E-08 0.153E-07
 1434    0 0.233E-08 0.153E-07
 1435    0 0.267E-08 0.153E-07
 1436    0 0.300E-08 0.153E-07
 1437    0 0.333E-08 0.153E-07
 1438    0 0.367E-08 0.153E-07
 1439    0 0.400E-08 0.153E-07
 1440    0 0.433E-08 0.153E-07
 1441    0 0.467E-08 0.153E-07
 1442    0 0.500E-08 0.153E-07
 1443    0 0.533E-08 0.153E-07
 1444    0 0.567E-08 0.153E-07
 1445    0 0.600E-08 0.153E-07
 1446    0 0.633E-08 0.153E-07
 1447    0 0.667E-08 0.153E-07
 1448    0 0.700E-08 0.153E-07
 1449    0 0.733E-08 0.153E-07
 1450    0 0.767E-08 0.153E-07
 1451    0 0.800E-08 0.153E-07
 1452    0 0.833E-08 0.153E-07
 1453    0 0.867E-08 0.153E-07
 1454    0 0.900E-08 0.153E-07
 1455    0 0.933E-08 0.153E-07
 1456    0 0.967E-08 0.153E-07
 1457    0 0.100E-07 0.153E-07
 1458    0 0.000E+00 0.157E-07
 1459    0 0.333E-09 0.157E-07
 1460    0 0.667E-09 0.157E-07
 1461    0 0.100E-08 0.157E-07
 1462    0 0.133E-08 0.157E-07
 1463    0 0.167E-08 0.157E-07
 1464    0 0.200E-08 0.157E-07
 1465    0 0.233E-08 0.157E-07
 1466    0 0.267E-08 0.157E-07
 1467    0 0.300E-08 0.157E-07
 1468    0 0.333E-08 0.157E-07
 1469    0 0.367E-08 0.157E-07
 1470    0 0.400E-08 0.157E-07
 1471    0 0.433E-08 0.157E-07
 1472    0 0.467E-08 0.157E-07
 1473    0 0.500E-08 0.157E-07
 1474    0 0.533E-08 0.157E-07
 1475    0 0.567E-08 0.157E-07
 1476    0 0.600E-08 0.157E-07
 1477    0 0.633E-08 0.157E-07
 1478    0 0.667E-08 0.157E-07
 1479    0 0.700E-08 0.157E-07
 1480    0 0.733E-08 0.157E-07
 1481    0 0.767E-08 0.157E-07
 1482    0 0.800E-08 0.157E-07
 1483    0 0.833E-08 0.157E-07
 1484    0 0.867E-08 0.157E-07
 1485    0 0.900E-08 0.157E-07
 1486    0 0.933E-08 0.157E-07
 1487    0 0.967E-08 0.157E-07
 1488    0 0.100E-07 0.157E-07
 1489    0 0.000E+00 0.160E-07
 1490    0 0.333E-09 0.160E-07
 1491    0 0.667E-09 0.160E-07
 1492    0 0.100E-08 0.160E-07
 1493    0 0.133E-08 0.160E-07
 1494    0 0.167E-08 0.160E-07
 1495    0 0.200E-08 0.160E-07
 1496    0 0.233E-08 0.160E-07
 1497    0 0.267E-08 0.160E-07
 1498    0 0.300E-08 0.160E-07
 1499    0 0.333E-08 0.160E-07
 1500    0 0.367E-08 0.160E-07
 1501    0 0.400E-08 0.160E-07
 1502    0 0.433E-08 0.160E-07
 1503    0 0.467E-08 0.160E-07
 1504    0 0.500E-08 0.160E-07
 1505    0 0.533E-08 0.160E-07
 1506    0 0.567E-08 0.160E-07
 1507    0 0.600E-08 0.160E-07
 1508    0 0.633E-08 0.160E-07
 1509    0 0.667E-08 0.160E-07
 1510    0 0.700E-08 0.160E-07
 1511    0 0.733E-08 0.160E-07
 1512    0 0.767E-08 0.160E-07
 1513    0 0.800E-08 0.160E-07
 1514    0 0.833E-08 0.160E-07
 1515    0 0.867E-08 0.160E-07
 1516    0 0.900E-08 0.160E-07
 1517    0 0.933E-08 0.160E-07
 1518    0 0.967E-08 0.160E-07
 1519    0 0.100E-07 0.160E-07
 1520    0 0.000E+00 0.163E-07
 1521    0 0.333E-09 0.163E-07
 1522    0 0.667E-09 0.163E-07
 1523    0 0.100E-08 0.163E-07
 1524    0 0.133E-08 0.163E-07
 1525    0 0.167E-08 0.163E-07
 1526    0 0.200E-08 0.163E-07
 1527    0 0.233E-08 0.163E-07
 1528    0 0.267E-08 0.163E-07
 1529    0 0.300E-08 0.163E-07
 1530    0 0.333E-08 0.163E-07
 1531    0 0.367E-08 0.163E-07
 1532    0 0.400E-08 0.163E-07
 1533    0 0.433E-08 0.163E-07
 1534    0 0.467E-08 0.163E-07
 1535    0 0.500E-08 0.163E-07
 1536    0 0.533E-08 0.163E-07
 1537    0 0.567E-08 0.163E-07
 1538    0 0.600E-08 0.163E-07
 1539    0 0.633E-08 0.163E-07
 1540    0 0.667E-08 0.163E-07
 1541    0 0.700E-08 0.163E-07
 1542    0 0.733E-08 0.163E-07
 1543    0 0.767E-08 0.163E-07
 1544    0 0.800E-08 0.163E-07
 1545    0 0.833E-08 0.163E-07
 1546    0 0.867E-08 0.163E-07
 1547    0 0.900E-08 0.163E-07
 1548    0 0.933E-08 0.163E-07
 1549    0 0.967E-08 0.163E-07
 1550    0 0.100E-07 0.163E-07
 1551    0 0.000E+00 0.167E-07
 1552    0 0.333E-09 0.167E-07
 1553    0 0.667E-09 0.167E-07
 1554    0 0.100E-08 0.167E-07
 1555    0 0.133E-08 0.167E-07
 1556    0 0.167E-08 0.167E-07
 1557    0 0.200E-08 0.167E-07
 1558    0 0.233E-08 0.167E-07
 1559    0 0.267E-08 0.167E-07
 1560    0 0.300E-08 0.167E-07
 1561    0 0.333E-08 0.167E-07
 1562    0 0.367E-08 0.167E-07
 1563    0 0.400E-08 0.167E-07
 1564    0 0.433E-08 0.167E-07
 1565    0 0.467E-08 0.167E-07
 1566    0 0.500E-08 0.167E-07
 1567    0 0.533E-08 0.167E-07
 1568    0 0.567E-08 0.167E-07
 1569    0 0.600E-08 0.167E-07
 1570    0 0.633E-08 0.167E-07
 1571    0 0.667E-08 0.167E-07
 1572    0 0.700E-08 0.167E-07
 1573    0 0.733E-08 0.167E-07
 1574    0 0.767E-08 0.167E-07
 1575    0 0.800E-08 0.167E-07
 1576    0 0.833E-08 0.167E-07
 1577    0 0.867E-08 0.167E-07
 1578    0 0.900E-08 0.167E-07
 1579    0 0.933E-08 0.167E-07
 1580    0 0.967E-08 0.167E-07
 1581    0 0.100E-07 0.167E-07
 1582    0 0.000E+00 0.170E-07
 1583    0 0.333E-09 0.170E-07
 1584    0 0.667E-09 0.170E-07
 1585    0 0.100E-08 0.170E-07
 1586    0 0.133E-08 0.170E-07
 1587    0 0.167E-08 0.170E-07
 1588    0 0.200E-08 0.170E-07
 1589    0 0.233E-08 0.170E-07
 1590    0 0.267E-08 0.170E-07
 1591    0 0.300E-08 0.170E-07
 1592    0 0.333E-08 0.170E-07
 1593    0 0.367E-08 0.170E-07
 1594    0 0.400E-08 0.170E-07
 1595    0 0.433E-08 0.170E-07
 1596    0 0.467E-08 0.170E-07
 1597    0 0.500E-08 0.170E-07
 1598    0 0.533E-08 0.170E-07
 1599    0 0.567E-08 0.170E-07
 1600    0 0.600E-08 0.170E-07
 1601    0 0.633E-08 0.170E-07
 1602    0 0.667E-08 0.170E-07
 1603    0 0.700E-08 0.170E-07
 1604    0 0.733E-08 0.170E-07
 1605    0 0.767E-08 0.170E-07
 1606    0 0.800E-08 0.170E-07
 1607    0 0.833E-08 0.170E-07
 1608    0 0.867E-08 0.170E-07
 1609    0 0.900E-08 0.170E-07
 1610    0 0.933E-08 0.170E-07
 1611    0 0.967E-08 0.170E-07
 1612    0 0.100E-07 0.170E-07
 1613    0 0.000E+00 0.173E-07
 1614    0 0.333E-09 0.173E-07
 1615    0 0.667E-09 0.173E-07
 1616    0 0.100E-08 0.173E-07
 1617    0 0.133E-08 0.173E-07
 1618    0 0.167E-08 0.173E-07
 1619    0 0.200E-08 0.173E-07
 1620    0 0.233E-08 0.173E-07
 1621    0 0.267E-08 0.173E-07
 1622    0 0.300E-08 0.173E-07
 1623    0 0.333E-08 0.173E-07
 1624    0 0.367E-08 0.173E-07
 1625    0 0.400E-08 0.173E-07
 1626    0 0.433E-08 0.173E-07
 1627    0 0.467E-08 0.173E-07
 1628    0 0.500E-08 0.173E-07
 1629    0 0.533E-08 0.173E-07
 1630    0 0.567E-08 0.173E-07
 1631    0 0.600E-08 0.173E-07
 1632    0 0.633E-08 0.173E-07
 1633    0 0.667E-08 0.173E-07
 1634    0 0.700E-08 0.173E-07
 1635    0 0.733E-08 0.173E-07
 1636    0 0.767E-08 0.173E-07
 1637    0 0.800E-08 0.173E-07
 1638    0 0.833E-08 0.173E-07
 1639    0 0.867E-08 0.173E-07
 1640    0 0.900E-08 0.173E-07
 1641    0 0.933E-08 0.173E-07
 1642    0 0.967E-08 0.173E-07
 1643    0 0.100E-07 0.173E-07
 1644    0 0.000E+00 0.177E-07
 1645    0 0.333E-09 0.177E-07
 1646    0 0.667E-09 0.177E-07
 1647    0 0.100E-08 0.177E-07
 1648    0 0.133E-08 0.177E-07
 1649    0 0.167E-08 0.177E-07
 1650    0 0.200E-08 0.177E-07
 1651    0 0.233E-08 0.177E-07
 1652    0 0.267E-08 0.177E-07
 1653    0 0.300E-08 0.177E-07
 1654    0 0.333E-08 0.177E-07
 1655    0 0.367E-08 0.177E-07
 1656    0 0.400E-08 0.177E-07
 1657    0 0.433E-08 0.177E-07
 1658    0 0.467E-08 0.177E-07
 1659    0 0.500E-08 0.177E-07
 1660    0 0.533E-08 0.177E-07
 1661    0 0.567E-08 0.177E-07
 1662    0 0.600E-08 0.177E-07
 1663    0 0.633E-08 0.177E-07
 1664    0 0.667E-08 0.177E-07
 1665    0 0.700E-08 0.177E-07
 1666    0 0.733E-08 0.177E-07
 1667    0 0.767E-08 0.177E-07
 1668    0 0.800E-08 0.177E-07
 1669    0 0.833E-08 0.177E-07
 1670    0 0.867E-08 0.177E-07
 1671    0 0.900E-08 0.177E-07
 1672    0 0.933E-08 0.177E-07
 1673    0 0.967E-08 0.177E-07
 1674    0 0.100E-07 0.177E-07
 1675    0 0.000E+00 0.180E-07
 1676    0 0.333E-09 0.180E-07
 1677    0 0.667E-09 0.180E-07
 1678    0 0.100E-08 0.180E-07
 1679    0 0.133E-08 0.180E-07
 1680    0 0.167E-08 0.180E-07
 1681    0 0.200E-08 0.180E-07
 1682    0 0.233E-08 0.180E-07
 1683    0 0.267E-08 0.180E-07
 1684    0 0.300E-08 0.180E-07
 1685    0 0.333E-08 0.180E-07
 1686    0 0.367E-08 0.180E-07
 1687    0 0.400E-08 0.180E-07
 1688    0 0.433E-08 0.180E-07
 1689    0 0.467E-08 0.180E-07
 1690    0 0.500E-08 0.180E-07
 1691    0 0.533E-08 0.180E-07
 1692    0 0.567E-08 0.180E-07
 1693    0 0.600E-08 0.180E-07
 1694    0 0.633E-08 0.180E-07
 1695    0 0.667E-08 0.180E-07
 1696    0 0.700E-08 0.180E-07
 1697    0 0.733E-08 0.180E-07
 1698    0 0.767E-08 0.180E-07
 1699    0 0.800E-08 0.180E-07
 1700    0 0.833E-08 0.180E-07
 1701    0 0.867E-08 0.180E-07
 1702    0 0.900E-08 0.180E-07
 1703    0 0.933E-08 0.180E-07
 1704    0 0.967E-08 0.180E-07
 1705    0 0.100E-07 0.180E-07
 1706    0 0.000E+00 0.183E-07
 1707    0 0.333E-09 0.183E-07
 1708    0 0.667E-09 0.183E-07
 1709    0 0.100E-08 0.183E-07
 1710    0 0.133E-08 0.183E-07
 1711    0 0.167E-08 0.183E-07
 1712    0 0.200E-08 0.183E-07
 1713    0 0.233E-08 0.183E-07
 1714    0 0.267E-08 0.183E-07
 1715    0 0.300E-08 0.183E-07
 1716    0 0.333E-08 0.183E-07
 1717    0 0.367E-08 0.183E-07
 1718    0 0.400E-08 0.183E-07
 1719    0 0.433E-08 0.183E-07
 1720    0 0.467E-08 0.183E-07
 1721    0 0.500E-08 0.183E-07
 1722    0 0.533E-08 0.183E-07
 1723    0 0.567E-08 0.183E-07
 1724    0 0.600E-08 0.183E-07
 1725    0 0.633E-08 0.183E-07
 1726    0 0.667E-08 0.183E-07
 1727    0 0.700E-08 0.183E-07
 1728    0 0.733E-08 0.183E-07
 1729    0 0.767E-08 0.183E-07
 1730    0 0.800E-08 0.183E-07
 1731    0 0.833E-08 0.183E-07
 1732    0 0.867E-08 0.183E-07
 1733    0 0.900E-08 0.183E-07
 1734    0 0.933E-08 0.183E-07
 1735    0 0.967E-08 0.183E-07
 1736    0 0.100E-07 0.183E-07
 1737    0 0.000E+00 0.187E-07
 1738    0 0.333E-09 0.187E-07
 1739    0 0.667E-09 0.187E-07
 1740    0 0.100E-08 0.187E-07
 1741    0 0.133E-08 0.187E-07
 1742    0 0.167E-08 0.187E-07
 1743    0 0.200E-08 0.187E-07
 1744    0 0.233E-08 0.187E-07
 1745    0 0.267E-08 0.187E-07
 1746    0 0.300E-08 0.187E-07
 1747    0 0.333E-08 0.187E-07
 1748    0 0.367E-08 0.187E-07
 1749    0 0.400E-08 0.187E-07
 1750    0 0.433E-08 0.187E-07
 1751    0 0.467E-08 0.187E-07
 1752    0 0.500E-08 0.187E-07
 1753    0 0.533E-08 0.187E-07
 1754    0 0.567E-08 0.187E-07
 1755    0 0.600E-08 0.187E-07
 1756    0 0.633E-08 0.187E-07
 1757    0 0.667E-08 0.187E-07
 1758    0 0.700E-08 0.187E-07
 1759    0 0.733E-08 0.187E-07
 1760    0 0.767E-08 0.187E-07
 1761    0 0.800E-08 0.187E-07
 1762    0 0.833E-08 0.187E-07
 1763    0 0.867E-08 0.187E-07
 1764    0 0.900E-08 0.187E-07
 1765    0 0.933E-08 0.187E-07
 1766    0 0.967E-08 0.187E-07
 1767    0 0.100E-07 0.187E-07
 1768    0 0.000E+00 0.190E-07
 1769    0 0.333E-09 0.190E-07
 1770    0 0.667E-09 0.190E-07
 1771    0 0.100E-08 0.190E-07
 1772    0 0.133E-08 0.190E-07
 1773    0 0.167E-08 0.190E-07
 1774    0 0.200E-08 0.190E-07
 1775    0 0.233E-08 0.190E-07
 1776    0 0.267E-08 0.190E-07
 1777    0 0.300E-08 0.190E-07
 1778    0 0.333E-08 0.190E-07
 1779    0 0.367E-08 0.190E-07
 1780    0 0.400E-08 0.190E-07
 1781    0 0.433E-08 0.190E-07
 1782    0 0.467E-08 0.190E-07
 1783    0 0.500E-08 0.190E-07
 1784    0 0.533E-08 0.190E-07
 1785    0 0.567E-08 0.190E-07
 1786    0 0.600E-08 0.190E-07
 1787    0 0.633E-08 0.190E-07
 1788    0 0.667E-08 0.190E-07
 1789    0 0.700E-08 0.190E-07
 1790    0 0.733E-08 0.190E-07
 1791    0 0.767E-08 0.190E-07
 1792    0 0.800E-08 0.190E-07
 1793    0 0.833E-08 0.190E-07
 1794    0 0.867E-08 0.190E-07
 1795    0 0.900E-08 0.190E-07
 1796    0 0.933E-08 0.190E-07
 1797    0 0.967E-08 0.190E-07
 1798    0 0.100E-07 0.190E-07
 1799    0 0.000E+00 0.193E-07
 1800    0 0.333E-09 0.193E-07
 1801    0 0.667E-09 0.193E-07
 1802    0 0.100E-08 0.193E-07
 1803    0 0.133E-08 0.193E-07
 1804    0 0.167E-08 0.193E-07
 1805    0 0.200E-08 0.193E-07
 1806    0 0.233E-08 0.193E-07
 1807    0 0.267E-08 0.193E-07
 1808    0 0.300E-08 0.193E-07
 1809    0 0.333E-08 0.193E-07
 1810    0 0.367E-08 0.193E-07
 1811    0 0.400E-08 0.193E-07
 1812    0 0.433E-08 0.193E-07
 1813    0 0.467E-08 0.193E-07
 1814    0 0.500E-08 0.193E-07
 1815    0 0.533E-08 0.193E-07
 1816    0 0.567E-08 0.193E-07
 1817    0 0.600E-08 0.193E-07
 1818    0 0.633E-08 0.193E-07
 1819    0 0.667E-08 0.193E-07
 1820    0 0.700E-08 0.193E-07
 1821    0 0.733E-08 0.193E-07
 1822    0 0.767E-08 0.193E-07
 1823    0 0.800E-08 0.193E-07
 1824    0 0.833E-08 0.193E-07
 1825    0 0.867E-08 0.193E-07
 1826    0 0.900E-08 0.193E-07
 1827    0 0.933E-08 0.193E-07
 1828    0 0.967E-08 0.193E-07
 1829    0 0.100E-07 0.193E-07
 1830    0 0.000E+00 0.197E-07
 1831    0 0.333E-09 0.197E-07
 1832    0 0.667E-09 0.197E-07
 1833    0 0.100E-08 0.197E-07
 1834    0 0.133E-08 0.197E-07
 1835    0 0.167E-08 0.197E-07
 1836    0 0.200E-08 0.197E-07
 1837    0 0.233E-08 0.197E-07
 1838    0 0.267E-08 0.197E-07
 1839    0 0.300E-08 0.197E-07
 1840    0 0.333E-08 0.197E-07
 1841    0 0.367E-08 0.197E-07
 1842    0 0.400E-08 0.197E-07
 1843    0 0.433E-08 0.197E-07
 1844    0 0.467E-08 0.197E-07
 1845    0 0.500E-08 0.197E-07
 1846    0 0.533E-08 0.197E-07
 1847    0 0.567E-08 0.197E-07
 1848    0 0.600E-08 0.197E-07
 1849    0 0.633E-08 0.197E-07
 1850    0 0.667E-08 0.197E-07
 1851    0 0.700E-08 0.197E-07
 1852    0 0.733E-08 0.197E-07
 1853    0 0.767E-08 0.197E-07
 1854    0 0.800E-08 0.197E-07
 1855    0 0.833E-08 0.197E-07
 1856    0 0.867E-08 0.197E-07
 1857    0 0.900E-08 0.197E-07
 1858    0 0.933E-08 0.197E-07
 1859    0 0.967E-08 0.197E-07
 1860    0 0.100E-07 0.197E-07
 1861    0 0.000E+00 0.200E-07
 1862    0 0.333E-09 0.200E-07
 1863    0 0.667E-09 0.200E-07
 1864    0 0.100E-08 0.200E-07
 1865    0 0.133E-08 0.200E-07
 1866    0 0.167E-08 0.200E-07
 1867    0 0.200E-08 0.200E-07
 1868    0 0.233E-08 0.200E-07
 1869    0 0.267E-08 0.200E-07
 1870    0 0.300E-08 0.200E-07
 1871    0 0.333E-08 0.200E-07
 1872    0 0.367E-08 0.200E-07
 1873    0 0.400E-08 0.200E-07
 1874    0 0.433E-08 0.200E-07
 1875    0 0.467E-08 0.200E-07
 1876    0 0.500E-08 0.200E-07
 1877    0 0.533E-08 0.200E-07
 1878    0 0.567E-08 0.200E-07
 1879    0 0.600E-08 0.200E-07
 1880    0 0.633E-08 0.200E-07
 1881    0 0.667E-08 0.200E-07
 1882    0 0.700E-08 0.200E-07
 1883    0 0.733E-08 0.200E-07
 1884    0 0.767E-08 0.200E-07
 1885    0 0.800E-08 0.200E-07
 1886    0 0.833E-08 0.200E-07
 1887    0 0.867E-08 0.200E-07
 1888    0 0.900E-08 0.200E-07
 1889    0 0.933E-08 0.200E-07
 1890    0 0.967E-08 0.200E-07
 1891    0 0.100E-07 0.200E-07

INIT
    1    1       0.0       0.0   0.00063
 1891    0       0.0       0.0   0.00063

ELEM
    1    1    1    2   33   32    1   
   30    1   30   31   62   61    0 
   31    1   32   33   64   63    1 
   60    1   61   62   93   92    0 
   61    1   63   64   95   94    1 
   90    1   92   93  124  123    0 
   91    1   94   95  126  125    1 
  120    1  123  124  155  154    0 
  121    1  125  126  157  156    1 
  150    1  154  155  186  185    0 
  151    1  156  157  188  187    1 
  180    1  185  186  217  216    0 
  181    1  187  188  219  218    1 
  210    1  216  217  248  247    0 
  211    1  218  219  250  249    1 
  240    1  247  248  279  278    0 
  241    1  249  250  281  280    1 
  270    1  278  279  310  309    0 
  271    1  280  281  312  311    1 
  300    1  309  310  341  340    0 
  301    1  311  312  343  342    1 
  330    1  340  341  372  371    0 
  331    1  342  343  374  373    1 
  360    1  371  372  403  402    0 
  361    1  373  374  405  404    1 
  390    1  402  403  434  433    0 
  391    1  404  405  436  435    1 
  420    1  433  434  465  464    0 
  421    1  435  436  467  466    1 
  450    1  464  465  496  495    0 
  451    1  466  467  498  497    1 
  480    1  495  496  527  526    0 
  481    1  497  498  529  528    1 
  510    1  526  527  558  557    0 
  511    1  528  529  560  559    1 
  540    1  557  558  589  588    0 
  541    1  559  560  591  590    1 
  570    1  588  589  620  619    0 
  571    1  590  591  622  621    1 
  600    1  619  620  651  650    0 
  601    1  621  622  653  652    1 
  630    1  650  651  682  681    0 
  631    1  652  653  684  683    1 
  660    1  681  682  713  712    0 
  661    1  683  684  715  714    1 
  690    1  712  713  744  743    0 
  691    1  714  715  746  745    1 
  720    1  743  744  775  774    0 
  721    1  745  746  777  776    1 
  750    1  774  775  806  805    0 
  751    1  776  777  808  807    1 
  780    1  805  806  837  836    0 
  781    1  807  808  839  838    1 
  810    1  836  837  868  867    0 
  811    1  838  839  870  869    1 
  840    1  867  868  899  898    0 
  841    1  869  870  901  900    1 
  870    1  898  899  930  929    0 
  871    1  900  901  932  931    1 
  900    1  929  930  961  960    0 
  901    1  931  932  963  962    1 
  930    1  960  961  992  991    0 
  931    1  962  963  994  993    1 
  960    1  991  992 1023 1022    0 
  961    1  993  994 1025 1024    1 
  990    1 1022 1023 1054 1053    0 
  991    1 1024 1025 1056 1055    1 
 1020    1 1053 1054 1085 1084    0 
 1021    1 1055 1056 1087 1086    1 
 1050    1 1084 1085 1116 1115    0 
 1051    1 1086 1087 1118 1117    1 
 1080    1 1115 1116 1147 1146    0 
 1081    1 1117 1118 1149 1148    1 
 1110    1 1146 1147 1178 1177    0 
 1111    1 1148 1149 1180 1179    1 
 1140    1 1177 1178 1209 1208    0 
 1141    1 1179 1180 1211 1210    1 
 1170    1 1208 1209 1240 1239    0 
 1171    1 1210 1211 1242 1241    1 
 1200    1 1239 1240 1271 1270    0 
 1201    1 1241 1242 1273 1272    1
 1230    1 1270 1271 1302 1301    0
 1231    1 1272 1273 1304 1303    1
 1260    1 1301 1302 1333 1332    0
 1261    1 1303 1304 1335 1334    1
 1290    1 1332 1333 1364 1363    0
 1291    1 1334 1335 1366 1365    1
 1320    1 1363 1364 1395 1394    0
 1321    1 1365 1366 1397 1396    1
 1350    1 1394 1395 1426 1425    0
 1351    1 1396 1397 1428 1427    1
 1380    1 1425 1426 1457 1456    0
 1381    1 1427 1428 1459 1458    1
 1410    1 1456 1457 1488 1487    0
 1411    1 1458 1459 1490 1489    1
 1440    1 1487 1488 1519 1518    0
 1441    1 1489 1490 1521 1520    1
 1470    1 1518 1519 1550 1549    0
 1471    1 1520 1521 1552 1551    1
 1500    1 1549 1550 1581 1580    0
 1501    1 1551 1552 1583 1582    1
 1530    1 1580 1581 1612 1611    0
 1531    1 1582 1583 1614 1613    1
 1560    1 1611 1612 1643 1642    0
 1561    1 1613 1614 1645 1644    1
 1590    1 1642 1643 1674 1673    0
 1591    1 1644 1645 1676 1675    1
 1620    1 1673 1674 1705 1704    0
 1621    1 1675 1676 1707 1706    1
 1650    1 1704 1705 1736 1735    0
 1651    1 1706 1707 1738 1737    1
 1680    1 1735 1736 1767 1766    0
 1681    1 1737 1738 1769 1768    1
 1710    1 1766 1767 1798 1797    0
 1711    1 1768 1769 1800 1799    1
 1740    1 1797 1798 1829 1828    0
 1741    1 1799 1800 1831 1830    1
 1770    1 1828 1829 1860 1859    0
 1771    1 1830 1831 1862 1861    1
 1800    1 1859 1860 1891 1890    0

PRIN
MP01

MATE
    1    1
       0.0       0.0         1      0.10   1.0e+22
 166.7e+09  35.7e+09   1.0e-05     295.0    214.78    -250.0  1.73e-03      0.02
    0.0764   0.00063      0.02     295.0   0.00063 1.375e-05  0.96e-06   2.8e+12
   2.4e+11

SET
    2    1
 1891

END
MACR
NOPR
PROP
DT            5.0e-5
PARA             0.0       0.6
LMAS
LOOP              10
LOOP              60
LOOP             100
TIME
MA01
NEXT
PRTS REAC          1
REST WRIT
NEXT
NEXT
END
       0.0       0.0       1.0
       1.0   2.0e-11       1.0
      50.0   1.0e-09       1.0
STOP
