FEAP SIMPLE SHEAR : Single element test
    4    1    1    2    3    4    6   26    5    3    0    0 
COOR
    1    0       0.0       0.0
    2    0   1.0e-03       0.0
    3    0   1.0e-03   1.0e-03
    4    0       0.0   1.0e-03

INIT
    1    1       0.0       0.0    0.0006
    4    0       0.0       0.0    0.0006


ELEM
    1    1    1    2    3    4

IVAR
    1    0
       0.0       0.0       0.0       0.0     643.0     643.0    0.0006    0.0006
       0.0       0.0       1.0       1.0       1.0       0.0       0.0       0.0
       0.0       0.0       0.0    0.0006   1.0e+09   1.0e+09

       0.0       0.0       0.0       0.0     643.0     643.0    0.0006    0.0006
       0.0       0.0       1.0       1.0       1.0       0.0       0.0       0.0
       0.0       0.0       0.0    0.0006   1.0e+09   1.0e+09

       0.0       0.0       0.0       0.0     643.0     643.0    0.0006    0.0006
       0.0       0.0       1.0       1.0       1.0       0.0       0.0       0.0
       0.0       0.0       0.0    0.0006   1.0e+09   1.0e+09

       0.0       0.0       0.0       0.0     643.0     643.0    0.0006    0.0006
       0.0       0.0       1.0       1.0       1.0       0.0       0.0       0.0
       0.0       0.0       0.0    0.0006   1.0e+09   1.0e+09

       0.0       0.0       0.0       0.0     643.0     643.0    0.0006    0.0006
       0.0       0.0       1.0       1.0       1.0       0.0       0.0       0.0
       0.0       0.0       0.0    0.0006   1.0e+09   1.0e+09





MATE
    1    1
       0.0       0.0         2      0.10   1.0e+10
 1.667e+11  3.57e+10   1.0e-05     643.0     323.0    -250.0   0.00173      0.02     
    0.0764    0.0006     0.020     643.0    0.0006 1.375e-05       0.0   2.8e+12
   2.4e+11

BOUN
    1    0    1    1    0
    2    0    0    1    0
    3    0    0    1    0
    4    0    1    1    0


FORC
    1    0    1    1    2 
       0.0       0.0    0.0000
    2    0    1    1    2 
       0.0       0.0    0.0000
    3    0    1    1    2 
       0.0      -1.0    0.0000
    4    0    1    1    2
       0.0      -1.0    0.0000


SET
    1    1
    1

END
MACR
NOPR
PROP
DT            1.0e-4
PARA             0.0       0.6
LMAS
LOOP              90
LOOP               4
LOOP           50000
TIME
MA01
NEXT
PRTS STRE          1
HIST STRE          1        26
HIST IVAR          1       111
NEXT
STRE
DISP
NEXT
REST WRIT
PLOT                       100
END
       0.0       0.0       1.0
       1.0   1.0e-07       1.0      
    2000.0   2.0e-04       1.0
STOP


