FEAP UNIAXIAL COMPRESSION : Single element test
    4    1    1    2    4    4    6   26    5    3    0    0 
COOR
    1    0       0.0       0.0
    2    0   1.0e-03       0.0
    3    0   1.0e-03   1.0e-03
    4    0       0.0   1.0e-03

INIT
    1    1       0.0       0.0   0.00063     295.0
    4    0       0.0       0.0   0.00063     295.0


ELEM
    1    1    1    2    3    4

IVAR
    1    0
       0.0       0.0       0.0       0.0     295.0     295.0   0.00063   0.00063
       0.0       0.0       1.0       1.0       1.0       0.0       0.0       0.0
       0.0       0.0       0.0   0.00063  1.12e+09  1.12e+09

       0.0       0.0       0.0       0.0     295.0     295.0   0.00063   0.00063
       0.0       0.0       1.0       1.0       1.0       0.0       0.0       0.0
       0.0       0.0       0.0   0.00063  1.12e+09  1.12e+09

       0.0       0.0       0.0       0.0     295.0     295.0   0.00063   0.00063
       0.0       0.0       1.0       1.0       1.0       0.0       0.0       0.0
       0.0       0.0       0.0   0.00063  1.12e+09  1.12e+09

       0.0       0.0       0.0       0.0     295.0     295.0   0.00063   0.00063
       0.0       0.0       1.0       1.0       1.0       0.0       0.0       0.0
       0.0       0.0       0.0   0.00063  1.12e+09  1.12e+09

       0.0       0.0       0.0       0.0     295.0     295.0   0.00063   0.00063
       0.0       0.0       1.0       1.0       1.0       0.0       0.0       0.0
       0.0       0.0       0.0   0.00063  1.12e+09  1.12e+09





MATE
    1    1
       0.0       0.0         2      0.10   1.0e+12
108.54e+09 33.52e+09   1.0e-05     295.0   1.1e+14    -550.0  1.73e-04      0.02     
     0.105   0.00063      0.02     295.0   0.00063 1.375e-05       0.0  10.0e+12
   9.6e+11      5.65   0.5e-19  1.38e-23 12.47e+06

BOUN
    1    0    1    1    0    1
    2    0    0    1    0    1
    3    0    0    1    0    1
    4    0    1    1    0    1


FORC
    1    0    1    1    2    2     
       0.0       0.0    0.0000     295.0
    2    0    1    1    2    2 
       0.0       0.0    0.0000     295.0
    3    0    1    1    2    2 
       0.0      -1.0    0.0000     295.0
    4    0    1    1    2    2
       0.0      -1.0    0.0000     295.0


SET
    1    1
    1

END
MACR
NOPR
PROP
DT            1.0e-4
PARA             0.0       0.6
LMAS
LOOP             200
LOOP               4
LOOP           50000
TIME
MA01
NEXT
PRTS STRE          1
HIST STRE          1        26
HIST IVAR          1       111
REST WRIT
NEXT
NEXT
PLOT                       100
END
       0.0       0.0       1.0
       1.0   1.0e-07       1.0      
    4000.0   4.0e-04       1.0
STOP


